Values[alpha].InitialValue	Values[delta].InitialValue	TaskList[Parameter Estimation].(Problem)Parameter Estimation.Best Value
0.001	0.15	3868.54
0.00100329	0.15	3868.53
0.0010066	0.15	3868.52
0.00100992	0.15	3868.52
0.00101324	0.15	3868.51
0.00101658	0.15	3868.5
0.00101993	0.15	3868.5
0.00102329	0.15	3868.49
0.00102666	0.15	3868.48
0.00103005	0.15	3868.48
0.00103344	0.15	3868.47
0.00103685	0.15	3868.46
0.00104026	0.15	3868.45
0.00104369	0.15	3868.45
0.00104713	0.15	3868.44
0.00105058	0.15	3868.43
0.00105404	0.15	3868.43
0.00105751	0.15	3868.42
0.001061	0.15	3868.41
0.00106449	0.15	3868.4
0.001068	0.15	3868.4
0.00107152	0.15	3868.39
0.00107505	0.15	3868.38
0.00107859	0.15	3868.37
0.00108215	0.15	3868.37
0.00108571	0.15	3868.36
0.00108929	0.15	3868.35
0.00109288	0.15	3868.34
0.00109648	0.15	3868.34
0.00110009	0.15	3868.33
0.00110372	0.15	3868.32
0.00110735	0.15	3868.31
0.001111	0.15	3868.31
0.00111466	0.15	3868.3
0.00111833	0.15	3868.29
0.00112202	0.15	3868.28
0.00112572	0.15	3868.27
0.00112942	0.15	3868.27
0.00113315	0.15	3868.26
0.00113688	0.15	3868.25
0.00114062	0.15	3868.24
0.00114438	0.15	3868.24
0.00114815	0.15	3868.23
0.00115194	0.15	3868.22
0.00115573	0.15	3868.21
0.00115954	0.15	3868.2
0.00116336	0.15	3868.2
0.00116719	0.15	3868.19
0.00117104	0.15	3868.18
0.0011749	0.15	3868.17
0.00117877	0.15	3868.16
0.00118265	0.15	3868.15
0.00118655	0.15	3868.15
0.00119046	0.15	3868.14
0.00119438	0.15	3868.13
0.00119832	0.15	3868.12
0.00120226	0.15	3868.11
0.00120623	0.15	3868.11
0.0012102	0.15	3868.1
0.00121419	0.15	3868.09
0.00121819	0.15	3868.08
0.0012222	0.15	3868.07
0.00122623	0.15	3868.06
0.00123027	0.15	3868.05
0.00123432	0.15	3868.05
0.00123839	0.15	3868.04
0.00124247	0.15	3868.03
0.00124656	0.15	3868.02
0.00125067	0.15	3868.01
0.00125479	0.15	3868
0.00125893	0.15	3867.99
0.00126307	0.15	3867.99
0.00126723	0.15	3867.98
0.00127141	0.15	3867.97
0.0012756	0.15	3867.96
0.0012798	0.15	3867.95
0.00128402	0.15	3867.94
0.00128825	0.15	3867.93
0.00129249	0.15	3867.92
0.00129675	0.15	3867.91
0.00130103	0.15	3867.91
0.00130531	0.15	3867.9
0.00130961	0.15	3867.89
0.00131393	0.15	3867.88
0.00131826	0.15	3867.87
0.0013226	0.15	3867.86
0.00132696	0.15	3867.85
0.00133133	0.15	3867.84
0.00133572	0.15	3867.83
0.00134012	0.15	3867.82
0.00134453	0.15	3867.81
0.00134896	0.15	3867.81
0.00135341	0.15	3867.8
0.00135787	0.15	3867.79
0.00136234	0.15	3867.78
0.00136683	0.15	3867.77
0.00137133	0.15	3867.76
0.00137585	0.15	3867.75
0.00138038	0.15	3867.74
0.00138493	0.15	3867.73
0.0013895	0.15	3867.72
0.00139407	0.15	3867.71
0.00139867	0.15	3867.7
0.00140328	0.15	3867.69
0.0014079	0.15	3867.68
0.00141254	0.15	3867.67
0.00141719	0.15	3867.66
0.00142186	0.15	3867.65
0.00142655	0.15	3867.64
0.00143125	0.15	3867.63
0.00143596	0.15	3867.62
0.00144069	0.15	3867.61
0.00144544	0.15	3867.6
0.0014502	0.15	3867.59
0.00145498	0.15	3867.58
0.00145977	0.15	3867.57
0.00146458	0.15	3867.56
0.00146941	0.15	3867.55
0.00147425	0.15	3867.54
0.00147911	0.15	3867.53
0.00148398	0.15	3867.52
0.00148887	0.15	3867.51
0.00149378	0.15	3867.5
0.0014987	0.15	3867.49
0.00150364	0.15	3867.48
0.00150859	0.15	3867.47
0.00151356	0.15	3867.46
0.00151855	0.15	3867.45
0.00152355	0.15	3867.44
0.00152857	0.15	3867.43
0.00153361	0.15	3867.42
0.00153866	0.15	3867.4
0.00154373	0.15	3867.39
0.00154882	0.15	3867.38
0.00155392	0.15	3867.37
0.00155904	0.15	3867.36
0.00156418	0.15	3867.35
0.00156933	0.15	3867.34
0.0015745	0.15	3867.33
0.00157969	0.15	3867.32
0.00158489	0.15	3867.31
0.00159012	0.15	3867.3
0.00159535	0.15	3867.29
0.00160061	0.15	3867.27
0.00160588	0.15	3867.26
0.00161118	0.15	3867.25
0.00161648	0.15	3867.24
0.00162181	0.15	3867.23
0.00162715	0.15	3867.22
0.00163251	0.15	3867.21
0.00163789	0.15	3867.2
0.00164329	0.15	3867.18
0.0016487	0.15	3867.17
0.00165414	0.15	3867.16
0.00165959	0.15	3867.15
0.00166505	0.15	3867.14
0.00167054	0.15	3867.13
0.00167605	0.15	3867.11
0.00168157	0.15	3867.1
0.00168711	0.15	3867.09
0.00169267	0.15	3867.08
0.00169824	0.15	3867.07
0.00170384	0.15	3867.06
0.00170945	0.15	3867.04
0.00171509	0.15	3867.03
0.00172074	0.15	3867.02
0.00172641	0.15	3867.01
0.00173209	0.15	3867
0.0017378	0.15	3866.98
0.00174353	0.15	3866.97
0.00174927	0.15	3866.96
0.00175503	0.15	3866.95
0.00176082	0.15	3866.93
0.00176662	0.15	3866.92
0.00177244	0.15	3866.91
0.00177828	0.15	3866.9
0.00178414	0.15	3866.89
0.00179002	0.15	3866.87
0.00179591	0.15	3866.86
0.00180183	0.15	3866.85
0.00180777	0.15	3866.84
0.00181372	0.15	3866.82
0.0018197	0.15	3866.81
0.0018257	0.15	3866.8
0.00183171	0.15	3866.78
0.00183775	0.15	3866.77
0.0018438	0.15	3866.76
0.00184988	0.15	3866.75
0.00185597	0.15	3866.73
0.00186209	0.15	3866.72
0.00186822	0.15	3866.71
0.00187438	0.15	3866.69
0.00188055	0.15	3866.68
0.00188675	0.15	3866.67
0.00189297	0.15	3866.65
0.0018992	0.15	3866.64
0.00190546	0.15	3866.63
0.00191174	0.15	3866.61
0.00191804	0.15	3866.6
0.00192436	0.15	3866.59
0.0019307	0.15	3866.57
0.00193706	0.15	3866.56
0.00194344	0.15	3866.55
0.00194984	0.15	3866.53
0.00195627	0.15	3866.52
0.00196271	0.15	3866.51
0.00196918	0.15	3866.49
0.00197567	0.15	3866.48
0.00198218	0.15	3866.47
0.00198871	0.15	3866.45
0.00199526	0.15	3866.44
0.00200184	0.15	3866.42
0.00200843	0.15	3866.41
0.00201505	0.15	3866.4
0.00202169	0.15	3866.38
0.00202835	0.15	3866.37
0.00203503	0.15	3866.35
0.00204174	0.15	3866.34
0.00204847	0.15	3866.32
0.00205521	0.15	3866.31
0.00206199	0.15	3866.3
0.00206878	0.15	3866.28
0.0020756	0.15	3866.27
0.00208243	0.15	3866.25
0.0020893	0.15	3866.24
0.00209618	0.15	3866.22
0.00210309	0.15	3866.21
0.00211002	0.15	3866.19
0.00211697	0.15	3866.18
0.00212394	0.15	3866.16
0.00213094	0.15	3866.15
0.00213796	0.15	3866.13
0.00214501	0.15	3866.12
0.00215207	0.15	3866.1
0.00215916	0.15	3866.09
0.00216628	0.15	3866.07
0.00217342	0.15	3866.06
0.00218058	0.15	3866.04
0.00218776	0.15	3866.03
0.00219497	0.15	3866.01
0.0022022	0.15	3866
0.00220946	0.15	3865.98
0.00221674	0.15	3865.97
0.00222404	0.15	3865.95
0.00223137	0.15	3865.93
0.00223872	0.15	3865.92
0.0022461	0.15	3865.9
0.0022535	0.15	3865.89
0.00226092	0.15	3865.87
0.00226837	0.15	3865.86
0.00227585	0.15	3865.84
0.00228334	0.15	3865.82
0.00229087	0.15	3865.81
0.00229842	0.15	3865.79
0.00230599	0.15	3865.78
0.00231359	0.15	3865.76
0.00232121	0.15	3865.74
0.00232886	0.15	3865.73
0.00233653	0.15	3865.71
0.00234423	0.15	3865.69
0.00235195	0.15	3865.68
0.0023597	0.15	3865.66
0.00236748	0.15	3865.64
0.00237528	0.15	3865.63
0.0023831	0.15	3865.61
0.00239096	0.15	3865.59
0.00239883	0.15	3865.58
0.00240674	0.15	3865.56
0.00241467	0.15	3865.54
0.00242262	0.15	3865.53
0.0024306	0.15	3865.51
0.00243861	0.15	3865.49
0.00244665	0.15	3865.47
0.00245471	0.15	3865.46
0.0024628	0.15	3865.44
0.00247091	0.15	3865.42
0.00247905	0.15	3865.41
0.00248722	0.15	3865.39
0.00249542	0.15	3865.37
0.00250364	0.15	3865.35
0.00251189	0.15	3865.34
0.00252016	0.15	3865.32
0.00252847	0.15	3865.3
0.0025368	0.15	3865.28
0.00254516	0.15	3865.26
0.00255354	0.15	3865.25
0.00256195	0.15	3865.23
0.0025704	0.15	3865.21
0.00257886	0.15	3865.19
0.00258736	0.15	3865.17
0.00259589	0.15	3865.16
0.00260444	0.15	3865.14
0.00261302	0.15	3865.12
0.00262163	0.15	3865.1
0.00263027	0.15	3865.08
0.00263893	0.15	3865.06
0.00264763	0.15	3865.04
0.00265635	0.15	3865.03
0.0026651	0.15	3865.01
0.00267389	0.15	3864.99
0.0026827	0.15	3864.97
0.00269153	0.15	3864.95
0.0027004	0.15	3864.93
0.0027093	0.15	3864.91
0.00271823	0.15	3864.89
0.00272718	0.15	3864.87
0.00273617	0.15	3864.85
0.00274518	0.15	3864.83
0.00275423	0.15	3864.82
0.0027633	0.15	3864.8
0.00277241	0.15	3864.78
0.00278154	0.15	3864.76
0.00279071	0.15	3864.74
0.0027999	0.15	3864.72
0.00280913	0.15	3864.7
0.00281838	0.15	3864.68
0.00282767	0.15	3864.66
0.00283699	0.15	3864.64
0.00284633	0.15	3864.62
0.00285571	0.15	3864.6
0.00286512	0.15	3864.58
0.00287456	0.15	3864.56
0.00288403	0.15	3864.54
0.00289353	0.15	3864.52
0.00290307	0.15	3864.5
0.00291263	0.15	3864.47
0.00292223	0.15	3864.45
0.00293186	0.15	3864.43
0.00294152	0.15	3864.41
0.00295121	0.15	3864.39
0.00296093	0.15	3864.37
0.00297069	0.15	3864.35
0.00298048	0.15	3864.33
0.0029903	0.15	3864.31
0.00300015	0.15	3864.29
0.00301003	0.15	3864.26
0.00301995	0.15	3864.24
0.0030299	0.15	3864.22
0.00303988	0.15	3864.2
0.0030499	0.15	3864.18
0.00305995	0.15	3864.16
0.00307003	0.15	3864.14
0.00308015	0.15	3864.11
0.0030903	0.15	3864.09
0.00310048	0.15	3864.07
0.00311069	0.15	3864.05
0.00312094	0.15	3864.03
0.00313123	0.15	3864
0.00314154	0.15	3863.98
0.00315189	0.15	3863.96
0.00316228	0.15	3863.94
0.0031727	0.15	3863.91
0.00318315	0.15	3863.89
0.00319364	0.15	3863.87
0.00320416	0.15	3863.85
0.00321472	0.15	3863.82
0.00322531	0.15	3863.8
0.00323594	0.15	3863.78
0.0032466	0.15	3863.75
0.0032573	0.15	3863.73
0.00326803	0.15	3863.71
0.0032788	0.15	3863.68
0.0032896	0.15	3863.66
0.00330044	0.15	3863.64
0.00331131	0.15	3863.61
0.00332222	0.15	3863.59
0.00333317	0.15	3863.57
0.00334415	0.15	3863.54
0.00335517	0.15	3863.52
0.00336622	0.15	3863.49
0.00337731	0.15	3863.47
0.00338844	0.15	3863.45
0.00339961	0.15	3863.42
0.00341081	0.15	3863.4
0.00342204	0.15	3863.37
0.00343332	0.15	3863.35
0.00344463	0.15	3863.32
0.00345598	0.15	3863.3
0.00346737	0.15	3863.28
0.00347879	0.15	3863.25
0.00349025	0.15	3863.23
0.00350175	0.15	3863.2
0.00351329	0.15	3863.18
0.00352487	0.15	3863.15
0.00353648	0.15	3863.13
0.00354813	0.15	3863.1
0.00355982	0.15	3863.07
0.00357155	0.15	3863.05
0.00358332	0.15	3863.02
0.00359513	0.15	3863
0.00360697	0.15	3862.97
0.00361886	0.15	3862.95
0.00363078	0.15	3862.92
0.00364274	0.15	3862.89
0.00365475	0.15	3862.87
0.00366679	0.15	3862.84
0.00367887	0.15	3862.82
0.00369099	0.15	3862.79
0.00370315	0.15	3862.76
0.00371535	0.15	3862.74
0.00372759	0.15	3862.71
0.00373988	0.15	3862.68
0.0037522	0.15	3862.66
0.00376456	0.15	3862.63
0.00377696	0.15	3862.6
0.00378941	0.15	3862.58
0.00380189	0.15	3862.55
0.00381442	0.15	3862.52
0.00382699	0.15	3862.49
0.0038396	0.15	3862.47
0.00385225	0.15	3862.44
0.00386494	0.15	3862.41
0.00387768	0.15	3862.38
0.00389045	0.15	3862.35
0.00390327	0.15	3862.33
0.00391613	0.15	3862.3
0.00392903	0.15	3862.27
0.00394198	0.15	3862.24
0.00395497	0.15	3862.21
0.003968	0.15	3862.19
0.00398107	0.15	3862.16
0.00399419	0.15	3862.13
0.00400735	0.15	3862.1
0.00402055	0.15	3862.07
0.0040338	0.15	3862.04
0.00404709	0.15	3862.01
0.00406042	0.15	3861.98
0.0040738	0.15	3861.95
0.00408723	0.15	3861.92
0.00410069	0.15	3861.9
0.0041142	0.15	3861.87
0.00412776	0.15	3861.84
0.00414136	0.15	3861.81
0.004155	0.15	3861.78
0.00416869	0.15	3861.75
0.00418243	0.15	3861.72
0.00419621	0.15	3861.69
0.00421004	0.15	3861.66
0.00422391	0.15	3861.63
0.00423782	0.15	3861.59
0.00425179	0.15	3861.56
0.0042658	0.15	3861.53
0.00427985	0.15	3861.5
0.00429395	0.15	3861.47
0.0043081	0.15	3861.44
0.00432229	0.15	3861.41
0.00433654	0.15	3861.38
0.00435082	0.15	3861.35
0.00436516	0.15	3861.32
0.00437954	0.15	3861.28
0.00439397	0.15	3861.25
0.00440845	0.15	3861.22
0.00442297	0.15	3861.19
0.00443755	0.15	3861.16
0.00445217	0.15	3861.12
0.00446684	0.15	3861.09
0.00448155	0.15	3861.06
0.00449632	0.15	3861.03
0.00451113	0.15	3860.99
0.004526	0.15	3860.96
0.00454091	0.15	3860.93
0.00455587	0.15	3860.9
0.00457088	0.15	3860.86
0.00458594	0.15	3860.83
0.00460105	0.15	3860.8
0.00461621	0.15	3860.76
0.00463142	0.15	3860.73
0.00464668	0.15	3860.7
0.00466199	0.15	3860.66
0.00467735	0.15	3860.63
0.00469276	0.15	3860.59
0.00470822	0.15	3860.56
0.00472374	0.15	3860.53
0.0047393	0.15	3860.49
0.00475492	0.15	3860.46
0.00477058	0.15	3860.42
0.0047863	0.15	3860.39
0.00480207	0.15	3860.35
0.00481789	0.15	3860.32
0.00483377	0.15	3860.28
0.00484969	0.15	3860.25
0.00486567	0.15	3860.21
0.0048817	0.15	3860.18
0.00489779	0.15	3860.14
0.00491393	0.15	3860.11
0.00493012	0.15	3860.07
0.00494636	0.15	3860.03
0.00496266	0.15	3860
0.00497901	0.15	3859.96
0.00499541	0.15	3859.92
0.00501187	0.15	3859.89
0.00502839	0.15	3859.85
0.00504495	0.15	3859.81
0.00506158	0.15	3859.78
0.00507825	0.15	3859.74
0.00509498	0.15	3859.7
0.00511177	0.15	3859.67
0.00512861	0.15	3859.63
0.00514551	0.15	3859.59
0.00516247	0.15	3859.55
0.00517947	0.15	3859.52
0.00519654	0.15	3859.48
0.00521366	0.15	3859.44
0.00523084	0.15	3859.4
0.00524807	0.15	3859.36
0.00526537	0.15	3859.33
0.00528271	0.15	3859.29
0.00530012	0.15	3859.25
0.00531758	0.15	3859.21
0.0053351	0.15	3859.17
0.00535268	0.15	3859.13
0.00537032	0.15	3859.09
0.00538801	0.15	3859.05
0.00540576	0.15	3859.01
0.00542358	0.15	3858.97
0.00544145	0.15	3858.93
0.00545937	0.15	3858.89
0.00547736	0.15	3858.85
0.00549541	0.15	3858.81
0.00551352	0.15	3858.77
0.00553168	0.15	3858.73
0.00554991	0.15	3858.69
0.00556819	0.15	3858.65
0.00558654	0.15	3858.61
0.00560495	0.15	3858.57
0.00562341	0.15	3858.53
0.00564194	0.15	3858.49
0.00566053	0.15	3858.44
0.00567918	0.15	3858.4
0.00569789	0.15	3858.36
0.00571667	0.15	3858.32
0.0057355	0.15	3858.28
0.0057544	0.15	3858.23
0.00577336	0.15	3858.19
0.00579238	0.15	3858.15
0.00581147	0.15	3858.11
0.00583061	0.15	3858.06
0.00584982	0.15	3858.02
0.0058691	0.15	3857.98
0.00588844	0.15	3857.93
0.00590784	0.15	3857.89
0.0059273	0.15	3857.85
0.00594683	0.15	3857.8
0.00596643	0.15	3857.76
0.00598608	0.15	3857.71
0.00600581	0.15	3857.67
0.0060256	0.15	3857.62
0.00604545	0.15	3857.58
0.00606537	0.15	3857.54
0.00608535	0.15	3857.49
0.0061054	0.15	3857.45
0.00612552	0.15	3857.4
0.0061457	0.15	3857.35
0.00616595	0.15	3857.31
0.00618627	0.15	3857.26
0.00620665	0.15	3857.22
0.0062271	0.15	3857.17
0.00624762	0.15	3857.12
0.0062682	0.15	3857.08
0.00628885	0.15	3857.03
0.00630957	0.15	3856.99
0.00633036	0.15	3856.94
0.00635122	0.15	3856.89
0.00637215	0.15	3856.84
0.00639314	0.15	3856.8
0.00641421	0.15	3856.75
0.00643534	0.15	3856.7
0.00645654	0.15	3856.65
0.00647782	0.15	3856.6
0.00649916	0.15	3856.56
0.00652057	0.15	3856.51
0.00654206	0.15	3856.46
0.00656361	0.15	3856.41
0.00658524	0.15	3856.36
0.00660693	0.15	3856.31
0.0066287	0.15	3856.26
0.00665054	0.15	3856.21
0.00667246	0.15	3856.16
0.00669444	0.15	3856.11
0.0067165	0.15	3856.06
0.00673863	0.15	3856.01
0.00676083	0.15	3855.96
0.00678311	0.15	3855.91
0.00680545	0.15	3855.86
0.00682788	0.15	3855.81
0.00685037	0.15	3855.76
0.00687294	0.15	3855.71
0.00689559	0.15	3855.66
0.00691831	0.15	3855.61
0.0069411	0.15	3855.55
0.00696397	0.15	3855.5
0.00698692	0.15	3855.45
0.00700994	0.15	3855.4
0.00703304	0.15	3855.34
0.00705621	0.15	3855.29
0.00707946	0.15	3855.24
0.00710278	0.15	3855.18
0.00712619	0.15	3855.13
0.00714967	0.15	3855.08
0.00717322	0.15	3855.02
0.00719686	0.15	3854.97
0.00722057	0.15	3854.92
0.00724436	0.15	3854.86
0.00726823	0.15	3854.81
0.00729218	0.15	3854.75
0.0073162	0.15	3854.7
0.00734031	0.15	3854.64
0.00736449	0.15	3854.59
0.00738876	0.15	3854.53
0.0074131	0.15	3854.47
0.00743753	0.15	3854.42
0.00746203	0.15	3854.36
0.00748662	0.15	3854.31
0.00751129	0.15	3854.25
0.00753603	0.15	3854.19
0.00756086	0.15	3854.14
0.00758578	0.15	3854.08
0.00761077	0.15	3854.02
0.00763585	0.15	3853.96
0.007661	0.15	3853.91
0.00768625	0.15	3853.85
0.00771157	0.15	3853.79
0.00773698	0.15	3853.73
0.00776247	0.15	3853.67
0.00778805	0.15	3853.61
0.00781371	0.15	3853.55
0.00783945	0.15	3853.49
0.00786528	0.15	3853.43
0.0078912	0.15	3853.38
0.0079172	0.15	3853.32
0.00794328	0.15	3853.25
0.00796945	0.15	3853.19
0.00799571	0.15	3853.13
0.00802206	0.15	3853.07
0.00804849	0.15	3853.01
0.00807501	0.15	3852.95
0.00810161	0.15	3852.89
0.00812831	0.15	3852.83
0.00815509	0.15	3852.77
0.00818196	0.15	3852.7
0.00820891	0.15	3852.64
0.00823596	0.15	3852.58
0.0082631	0.15	3852.51
0.00829032	0.15	3852.45
0.00831764	0.15	3852.39
0.00834504	0.15	3852.32
0.00837254	0.15	3852.26
0.00840012	0.15	3852.2
0.0084278	0.15	3852.13
0.00845557	0.15	3852.07
0.00848343	0.15	3852
0.00851138	0.15	3851.94
0.00853942	0.15	3851.87
0.00856756	0.15	3851.81
0.00859579	0.15	3851.74
0.00862411	0.15	3851.68
0.00865252	0.15	3851.61
0.00868103	0.15	3851.54
0.00870964	0.15	3851.48
0.00873833	0.15	3851.41
0.00876712	0.15	3851.34
0.00879601	0.15	3851.27
0.00882499	0.15	3851.21
0.00885407	0.15	3851.14
0.00888324	0.15	3851.07
0.00891251	0.15	3851
0.00894187	0.15	3850.93
0.00897134	0.15	3850.86
0.0090009	0.15	3850.79
0.00903055	0.15	3850.72
0.00906031	0.15	3850.66
0.00909016	0.15	3850.58
0.00912011	0.15	3850.51
0.00915016	0.15	3850.44
0.00918031	0.15	3850.37
0.00921055	0.15	3850.3
0.0092409	0.15	3850.23
0.00927135	0.15	3850.16
0.00930189	0.15	3850.09
0.00933254	0.15	3850.02
0.00936329	0.15	3849.94
0.00939414	0.15	3849.87
0.00942509	0.15	3849.8
0.00945615	0.15	3849.72
0.0094873	0.15	3849.65
0.00951856	0.15	3849.58
0.00954993	0.15	3849.5
0.00958139	0.15	3849.43
0.00961296	0.15	3849.35
0.00964463	0.15	3849.28
0.00967641	0.15	3849.2
0.00970829	0.15	3849.13
0.00974028	0.15	3849.05
0.00977237	0.15	3848.98
0.00980457	0.15	3848.9
0.00983687	0.15	3848.82
0.00986929	0.15	3848.75
0.0099018	0.15	3848.67
0.00993443	0.15	3848.59
0.00996716	0.15	3848.51
0.01	0.15	3848.44
0.0100329	0.15	3848.36
0.010066	0.15	3848.28
0.0100992	0.15	3848.2
0.0101324	0.15	3848.12
0.0101658	0.15	3848.04
0.0101993	0.15	3847.96
0.0102329	0.15	3847.88
0.0102666	0.15	3847.8
0.0103005	0.15	3847.72
0.0103344	0.15	3847.64
0.0103685	0.15	3847.56
0.0104026	0.15	3847.48
0.0104369	0.15	3847.39
0.0104713	0.15	3847.31
0.0105058	0.15	3847.23
0.0105404	0.15	3847.15
0.0105751	0.15	3847.06
0.01061	0.15	3846.98
0.0106449	0.15	3846.9
0.01068	0.15	3846.81
0.0107152	0.15	3846.73
0.0107505	0.15	3846.64
0.0107859	0.15	3846.56
0.0108215	0.15	3846.47
0.0108571	0.15	3846.39
0.0108929	0.15	3846.3
0.0109288	0.15	3846.21
0.0109648	0.15	3846.13
0.0110009	0.15	3846.04
0.0110372	0.15	3845.95
0.0110735	0.15	3845.87
0.01111	0.15	3845.78
0.0111466	0.15	3845.69
0.0111833	0.15	3845.6
0.0112202	0.15	3845.51
0.0112572	0.15	3845.42
0.0112942	0.15	3845.33
0.0113315	0.15	3845.24
0.0113688	0.15	3845.15
0.0114062	0.15	3845.06
0.0114438	0.15	3844.97
0.0114815	0.15	3844.88
0.0115194	0.15	3844.79
0.0115573	0.15	3844.69
0.0115954	0.15	3844.6
0.0116336	0.15	3844.51
0.0116719	0.15	3844.42
0.0117104	0.15	3844.32
0.011749	0.15	3844.23
0.0117877	0.15	3844.13
0.0118265	0.15	3844.04
0.0118655	0.15	3843.94
0.0119046	0.15	3843.85
0.0119438	0.15	3843.75
0.0119832	0.15	3843.66
0.0120226	0.15	3843.56
0.0120623	0.15	3843.46
0.012102	0.15	3843.37
0.0121419	0.15	3843.27
0.0121819	0.15	3843.17
0.012222	0.15	3843.07
0.0122623	0.15	3842.97
0.0123027	0.15	3842.87
0.0123432	0.15	3842.78
0.0123839	0.15	3842.68
0.0124247	0.15	3842.58
0.0124656	0.15	3842.47
0.0125067	0.15	3842.37
0.0125479	0.15	3842.27
0.0125893	0.15	3842.17
0.0126307	0.15	3842.07
0.0126723	0.15	3841.97
0.0127141	0.15	3841.86
0.012756	0.15	3841.76
0.012798	0.15	3841.65
0.0128402	0.15	3841.55
0.0128825	0.15	3841.45
0.0129249	0.15	3841.34
0.0129675	0.15	3841.24
0.0130103	0.15	3841.13
0.0130531	0.15	3841.02
0.0130961	0.15	3840.92
0.0131393	0.15	3840.81
0.0131826	0.15	3840.7
0.013226	0.15	3840.59
0.0132696	0.15	3840.49
0.0133133	0.15	3840.38
0.0133572	0.15	3840.27
0.0134012	0.15	3840.16
0.0134453	0.15	3840.05
0.0134896	0.15	3839.94
0.0135341	0.15	3839.83
0.0135787	0.15	3839.71
0.0136234	0.15	3839.6
0.0136683	0.15	3839.49
0.0137133	0.15	3839.38
0.0137585	0.15	3839.27
0.0138038	0.15	3839.15
0.0138493	0.15	3839.04
0.013895	0.15	3838.92
0.0139407	0.15	3838.81
0.0139867	0.15	3838.69
0.0140328	0.15	3838.58
0.014079	0.15	3838.46
0.0141254	0.15	3838.34
0.0141719	0.15	3838.23
0.0142186	0.15	3838.11
0.0142655	0.15	3837.99
0.0143125	0.15	3837.87
0.0143596	0.15	3837.75
0.0144069	0.15	3837.63
0.0144544	0.15	3837.51
0.014502	0.15	3837.39
0.0145498	0.15	3837.27
0.0145977	0.15	3837.15
0.0146458	0.15	3837.03
0.0146941	0.15	3836.91
0.0147425	0.15	3836.78
0.0147911	0.15	3836.66
0.0148398	0.15	3836.54
0.0148887	0.15	3836.41
0.0149378	0.15	3836.29
0.014987	0.15	3836.16
0.0150364	0.15	3836.04
0.0150859	0.15	3835.91
0.0151356	0.15	3835.78
0.0151855	0.15	3835.65
0.0152355	0.15	3835.53
0.0152857	0.15	3835.4
0.0153361	0.15	3835.27
0.0153866	0.15	3835.14
0.0154373	0.15	3835.01
0.0154882	0.15	3834.88
0.0155392	0.15	3834.75
0.0155904	0.15	3834.62
0.0156418	0.15	3834.49
0.0156933	0.15	3834.35
0.015745	0.15	3834.22
0.0157969	0.15	3834.09
0.0158489	0.15	3833.95
0.0159012	0.15	3833.82
0.0159535	0.15	3833.68
0.0160061	0.15	3833.55
0.0160588	0.15	3833.41
0.0161118	0.15	3833.27
0.0161648	0.15	3833.14
0.0162181	0.15	3833
0.0162715	0.15	3832.86
0.0163251	0.15	3832.72
0.0163789	0.15	3832.58
0.0164329	0.15	3832.44
0.016487	0.15	3832.3
0.0165414	0.15	3832.16
0.0165959	0.15	3832.02
0.0166505	0.15	3831.87
0.0167054	0.15	3831.73
0.0167605	0.15	3831.59
0.0168157	0.15	3831.44
0.0168711	0.15	3831.3
0.0169267	0.15	3831.15
0.0169824	0.15	3831.01
0.0170384	0.15	3830.86
0.0170945	0.15	3830.71
0.0171509	0.15	3830.56
0.0172074	0.15	3830.41
0.0172641	0.15	3830.27
0.0173209	0.15	3830.12
0.017378	0.15	3829.97
0.0174353	0.15	3829.81
0.0174927	0.15	3829.66
0.0175503	0.15	3829.51
0.0176082	0.15	3829.36
0.0176662	0.15	3829.21
0.0177244	0.15	3829.05
0.0177828	0.15	3828.9
0.0178414	0.15	3828.74
0.0179002	0.15	3828.59
0.0179591	0.15	3828.43
0.0180183	0.15	3828.27
0.0180777	0.15	3828.11
0.0181372	0.15	3827.95
0.018197	0.15	3827.8
0.018257	0.15	3827.64
0.0183171	0.15	3827.48
0.0183775	0.15	3827.31
0.018438	0.15	3827.15
0.0184988	0.15	3826.99
0.0185597	0.15	3826.83
0.0186209	0.15	3826.66
0.0186822	0.15	3826.5
0.0187438	0.15	3826.33
0.0188055	0.15	3826.17
0.0188675	0.15	3826
0.0189297	0.15	3825.83
0.018992	0.15	3825.66
0.0190546	0.15	3825.5
0.0191174	0.15	3825.33
0.0191804	0.15	3825.16
0.0192436	0.15	3824.99
0.019307	0.15	3824.81
0.0193706	0.15	3824.64
0.0194344	0.15	3824.47
0.0194984	0.15	3824.3
0.0195627	0.15	3824.12
0.0196271	0.15	3823.95
0.0196918	0.15	3823.77
0.0197567	0.15	3823.59
0.0198218	0.15	3823.42
0.0198871	0.15	3823.24
0.0199526	0.15	3823.06
0.0200184	0.15	3822.88
0.0200843	0.15	3822.7
0.0201505	0.15	3822.52
0.0202169	0.15	3822.34
0.0202835	0.15	3822.15
0.0203503	0.15	3821.97
0.0204174	0.15	3821.79
0.0204847	0.15	3821.6
0.0205521	0.15	3821.41
0.0206199	0.15	3821.23
0.0206878	0.15	3821.04
0.020756	0.15	3820.85
0.0208243	0.15	3820.66
0.020893	0.15	3820.47
0.0209618	0.15	3820.28
0.0210309	0.15	3820.09
0.0211002	0.15	3819.9
0.0211697	0.15	3819.71
0.0212394	0.15	3819.51
0.0213094	0.15	3819.32
0.0213796	0.15	3819.12
0.0214501	0.15	3818.93
0.0215207	0.15	3818.73
0.0215916	0.15	3818.53
0.0216628	0.15	3818.33
0.0217342	0.15	3818.13
0.0218058	0.15	3817.93
0.0218776	0.15	3817.73
0.0219497	0.15	3817.53
0.022022	0.15	3817.32
0.0220946	0.15	3817.12
0.0221674	0.15	3816.92
0.0222404	0.15	3816.71
0.0223137	0.15	3816.5
0.0223872	0.15	3816.29
0.022461	0.15	3816.09
0.022535	0.15	3815.88
0.0226092	0.15	3815.67
0.0226837	0.15	3815.46
0.0227585	0.15	3815.24
0.0228334	0.15	3815.03
0.0229087	0.15	3814.82
0.0229842	0.15	3814.6
0.0230599	0.15	3814.39
0.0231359	0.15	3814.17
0.0232121	0.15	3813.95
0.0232886	0.15	3813.73
0.0233653	0.15	3813.51
0.0234423	0.15	3813.29
0.0235195	0.15	3813.07
0.023597	0.15	3812.85
0.0236748	0.15	3812.62
0.0237528	0.15	3812.4
0.023831	0.15	3812.17
0.0239096	0.15	3811.95
0.0239883	0.15	3811.72
0.0240674	0.15	3811.49
0.0241467	0.15	3811.26
0.0242262	0.15	3811.03
0.024306	0.15	3810.8
0.0243861	0.15	3810.57
0.0244665	0.15	3810.33
0.0245471	0.15	3810.1
0.024628	0.15	3809.86
0.0247091	0.15	3809.63
0.0247905	0.15	3809.39
0.0248722	0.15	3809.15
0.0249542	0.15	3808.91
0.0250364	0.15	3808.67
0.0251189	0.15	3808.43
0.0252016	0.15	3808.18
0.0252847	0.15	3807.94
0.025368	0.15	3807.69
0.0254516	0.15	3807.45
0.0255354	0.15	3807.2
0.0256195	0.15	3806.95
0.025704	0.15	3806.7
0.0257886	0.15	3806.45
0.0258736	0.15	3806.2
0.0259589	0.15	3805.95
0.0260444	0.15	3805.69
0.0261302	0.15	3805.44
0.0262163	0.15	3805.18
0.0263027	0.15	3804.92
0.0263893	0.15	3804.66
0.0264763	0.15	3804.4
0.0265635	0.15	3804.14
0.026651	0.15	3803.88
0.0267389	0.15	3803.62
0.026827	0.15	3803.35
0.0269153	0.15	3803.09
0.027004	0.15	3802.82
0.027093	0.15	3802.55
0.0271823	0.15	3802.28
0.0272718	0.15	3802.01
0.0273617	0.15	3801.74
0.0274518	0.15	3801.47
0.0275423	0.15	3801.19
0.027633	0.15	3800.92
0.0277241	0.15	3800.64
0.0278154	0.15	3800.36
0.0279071	0.15	3800.08
0.027999	0.15	3799.8
0.0280913	0.15	3799.52
0.0281838	0.15	3799.23
0.0282767	0.15	3798.95
0.0283699	0.15	3798.66
0.0284633	0.15	3798.38
0.0285571	0.15	3798.09
0.0286512	0.15	3797.8
0.0287456	0.15	3797.51
0.0288403	0.15	3797.21
0.0289353	0.15	3796.92
0.0290307	0.15	3796.63
0.0291263	0.15	3796.33
0.0292223	0.15	3796.03
0.0293186	0.15	3795.73
0.0294152	0.15	3795.43
0.0295121	0.15	3795.13
0.0296093	0.15	3794.82
0.0297069	0.15	3794.52
0.0298048	0.15	3794.21
0.029903	0.15	3793.9
0.0300015	0.15	3793.6
0.0301003	0.15	3793.28
0.0301995	0.15	3792.97
0.030299	0.15	3792.66
0.0303988	0.15	3792.34
0.030499	0.15	3792.03
0.0305995	0.15	3791.71
0.0307003	0.15	3791.39
0.0308015	0.15	3791.07
0.030903	0.15	3790.75
0.0310048	0.15	3790.42
0.0311069	0.15	3790.1
0.0312094	0.15	3789.77
0.0313123	0.15	3789.44
0.0314154	0.15	3789.11
0.0315189	0.15	3788.78
0.0316228	0.15	3788.44
0.031727	0.15	3788.11
0.0318315	0.15	3787.77
0.0319364	0.15	3787.43
0.0320416	0.15	3787.09
0.0321472	0.15	3786.75
0.0322531	0.15	3786.41
0.0323594	0.15	3786.06
0.032466	0.15	3785.72
0.032573	0.15	3785.37
0.0326803	0.15	3785.02
0.032788	0.15	3784.67
0.032896	0.15	3784.32
0.0330044	0.15	3783.96
0.0331131	0.15	3783.6
0.0332222	0.15	3783.25
0.0333317	0.15	3782.89
0.0334415	0.15	3782.53
0.0335517	0.15	3782.16
0.0336622	0.15	3781.8
0.0337731	0.15	3781.43
0.0338844	0.15	3781.06
0.0339961	0.15	3780.69
0.0341081	0.15	3780.32
0.0342204	0.15	3779.94
0.0343332	0.15	3779.57
0.0344463	0.15	3779.19
0.0345598	0.15	3778.81
0.0346737	0.15	3778.43
0.0347879	0.15	3778.05
0.0349025	0.15	3777.66
0.0350175	0.15	3777.27
0.0351329	0.15	3776.89
0.0352487	0.15	3776.5
0.0353648	0.15	3776.1
0.0354813	0.15	3775.71
0.0355982	0.15	3775.31
0.0357155	0.15	3774.91
0.0358332	0.15	3774.51
0.0359513	0.15	3774.11
0.0360697	0.15	3773.71
0.0361886	0.15	3773.3
0.0363078	0.15	3772.89
0.0364274	0.15	3772.48
0.0365475	0.15	3772.07
0.0366679	0.15	3771.65
0.0367887	0.15	3771.24
0.0369099	0.15	3770.82
0.0370315	0.15	3770.4
0.0371535	0.15	3769.97
0.0372759	0.15	3769.55
0.0373988	0.15	3769.12
0.037522	0.15	3768.69
0.0376456	0.15	3768.26
0.0377696	0.15	3767.83
0.0378941	0.15	3767.39
0.0380189	0.15	3766.96
0.0381442	0.15	3766.52
0.0382699	0.15	3766.07
0.038396	0.15	3765.63
0.0385225	0.15	3765.18
0.0386494	0.15	3764.73
0.0387768	0.15	3764.28
0.0389045	0.15	3763.83
0.0390327	0.15	3763.37
0.0391613	0.15	3762.91
0.0392903	0.15	3762.45
0.0394198	0.15	3761.99
0.0395497	0.15	3761.53
0.03968	0.15	3761.06
0.0398107	0.15	3760.59
0.0399419	0.15	3760.12
0.0400735	0.15	3759.64
0.0402055	0.15	3759.16
0.040338	0.15	3758.69
0.0404709	0.15	3758.2
0.0406042	0.15	3757.72
0.040738	0.15	3757.23
0.0408723	0.15	3756.74
0.0410069	0.15	3756.25
0.041142	0.15	3755.76
0.0412776	0.15	3755.26
0.0414136	0.15	3754.76
0.04155	0.15	3754.26
0.0416869	0.15	3753.75
0.0418243	0.15	3753.25
0.0419621	0.15	3752.74
0.0421004	0.15	3752.22
0.0422391	0.15	3751.71
0.0423782	0.15	3751.19
0.0425179	0.15	3750.67
0.042658	0.15	3750.15
0.0427985	0.15	3749.62
0.0429395	0.15	3749.09
0.043081	0.15	3748.56
0.0432229	0.15	3748.03
0.0433654	0.15	3747.49
0.0435082	0.15	3746.95
0.0436516	0.15	3746.41
0.0437954	0.15	3745.86
0.0439397	0.15	3745.31
0.0440845	0.15	3744.76
0.0442297	0.15	3744.21
0.0443755	0.15	3743.65
0.0445217	0.15	3743.09
0.0446684	0.15	3742.53
0.0448155	0.15	3741.96
0.0449632	0.15	3741.39
0.0451113	0.15	3740.82
0.04526	0.15	3740.24
0.0454091	0.15	3739.66
0.0455587	0.15	3739.08
0.0457088	0.15	3738.5
0.0458594	0.15	3737.91
0.0460105	0.15	3737.32
0.0461621	0.15	3736.73
0.0463142	0.15	3736.13
0.0464668	0.15	3735.53
0.0466199	0.15	3734.93
0.0467735	0.15	3734.32
0.0469276	0.15	3733.71
0.0470822	0.15	3733.1
0.0472374	0.15	3732.48
0.047393	0.15	3731.86
0.0475492	0.15	3731.24
0.0477058	0.15	3730.61
0.047863	0.15	3729.98
0.0480207	0.15	3729.35
0.0481789	0.15	3728.71
0.0483377	0.15	3728.07
0.0484969	0.15	3727.43
0.0486567	0.15	3726.78
0.048817	0.15	3726.13
0.0489779	0.15	3725.48
0.0491393	0.15	3724.82
0.0493012	0.15	3724.16
0.0494636	0.15	3723.49
0.0496266	0.15	3722.83
0.0497901	0.15	3722.15
0.0499541	0.15	3721.48
0.0501187	0.15	3720.8
0.0502839	0.15	3720.11
0.0504495	0.15	3719.43
0.0506158	0.15	3718.74
0.0507825	0.15	3718.04
0.0509498	0.15	3717.34
0.0511177	0.15	3716.64
0.0512861	0.15	3715.93
0.0514551	0.15	3715.22
0.0516247	0.15	3714.51
0.0517947	0.15	3713.79
0.0519654	0.15	3713.07
0.0521366	0.15	3712.34
0.0523084	0.15	3711.61
0.0524807	0.15	3710.88
0.0526537	0.15	3710.14
0.0528271	0.15	3709.4
0.0530012	0.15	3708.65
0.0531758	0.15	3707.9
0.053351	0.15	3707.15
0.0535268	0.15	3706.39
0.0537032	0.15	3705.63
0.0538801	0.15	3704.86
0.0540576	0.15	3704.09
0.0542358	0.15	3703.31
0.0544145	0.15	3702.53
0.0545937	0.15	3701.74
0.0547736	0.15	3700.96
0.0549541	0.15	3700.16
0.0551352	0.15	3699.36
0.0553168	0.15	3698.56
0.0554991	0.15	3697.75
0.0556819	0.15	3696.94
0.0558654	0.15	3696.12
0.0560495	0.15	3695.3
0.0562341	0.15	3694.48
0.0564194	0.15	3693.65
0.0566053	0.15	3692.81
0.0567918	0.15	3691.97
0.0569789	0.15	3691.13
0.0571667	0.15	3690.28
0.057355	0.15	3689.42
0.057544	0.15	3688.56
0.0577336	0.15	3687.7
0.0579238	0.15	3686.83
0.0581147	0.15	3685.95
0.0583061	0.15	3685.07
0.0584982	0.15	3684.19
0.058691	0.15	3683.3
0.0588844	0.15	3682.4
0.0590784	0.15	3681.5
0.059273	0.15	3680.6
0.0594683	0.15	3679.69
0.0596643	0.15	3678.77
0.0598608	0.15	3677.85
0.0600581	0.15	3676.93
0.060256	0.15	3675.99
0.0604545	0.15	3675.06
0.0606537	0.15	3674.12
0.0608535	0.15	3673.17
0.061054	0.15	3672.21
0.0612552	0.15	3671.25
0.061457	0.15	3670.29
0.0616595	0.15	3669.32
0.0618627	0.15	3668.34
0.0620665	0.15	3667.36
0.062271	0.15	3666.37
0.0624762	0.15	3665.38
0.062682	0.15	3664.38
0.0628885	0.15	3663.38
0.0630957	0.15	3662.37
0.0633036	0.15	3661.35
0.0635122	0.15	3660.33
0.0637215	0.15	3659.3
0.0639314	0.15	3658.26
0.0641421	0.15	3657.22
0.0643534	0.15	3656.18
0.0645654	0.15	3655.12
0.0647782	0.15	3654.06
0.0649916	0.15	3653
0.0652057	0.15	3651.93
0.0654206	0.15	3650.85
0.0656361	0.15	3649.76
0.0658524	0.15	3648.67
0.0660693	0.15	3647.57
0.066287	0.15	3646.47
0.0665054	0.15	3645.36
0.0667246	0.15	3644.24
0.0669444	0.15	3643.12
0.067165	0.15	3641.99
0.0673863	0.15	3640.85
0.0676083	0.15	3639.7
0.0678311	0.15	3638.55
0.0680545	0.15	3637.4
0.0682788	0.15	3636.23
0.0685037	0.15	3635.06
0.0687294	0.15	3633.88
0.0689559	0.15	3632.69
0.0691831	0.15	3631.5
0.069411	0.15	3630.3
0.0696397	0.15	3629.09
0.0698692	0.15	3627.88
0.0700994	0.15	3626.66
0.0703304	0.15	3625.43
0.0705621	0.15	3624.19
0.0707946	0.15	3622.95
0.0710278	0.15	3621.7
0.0712619	0.15	3620.44
0.0714967	0.15	3619.17
0.0717322	0.15	3617.9
0.0719686	0.15	3616.62
0.0722057	0.15	3615.33
0.0724436	0.15	3614.03
0.0726823	0.15	3612.72
0.0729218	0.15	3611.41
0.073162	0.15	3610.09
0.0734031	0.15	3608.76
0.0736449	0.15	3607.42
0.0738876	0.15	3606.08
0.074131	0.15	3604.73
0.0743753	0.15	3603.37
0.0746203	0.15	3602
0.0748662	0.15	3600.62
0.0751129	0.15	3599.23
0.0753603	0.15	3597.84
0.0756086	0.15	3596.44
0.0758578	0.15	3595.02
0.0761077	0.15	3593.61
0.0763585	0.15	3592.18
0.07661	0.15	3590.74
0.0768625	0.15	3589.29
0.0771157	0.15	3587.84
0.0773698	0.15	3586.38
0.0776247	0.15	3584.91
0.0778805	0.15	3583.43
0.0781371	0.15	3581.94
0.0783945	0.15	3580.44
0.0786528	0.15	3578.93
0.078912	0.15	3577.41
0.079172	0.15	3575.89
0.0794328	0.15	3574.35
0.0796945	0.15	3572.81
0.0799571	0.15	3571.25
0.0802206	0.15	3569.69
0.0804849	0.15	3568.12
0.0807501	0.15	3566.54
0.0810161	0.15	3564.95
0.0812831	0.15	3563.35
0.0815509	0.15	3561.74
0.0818196	0.15	3560.12
0.0820891	0.15	3558.49
0.0823596	0.15	3556.85
0.082631	0.15	3555.2
0.0829032	0.15	3553.54
0.0831764	0.15	3551.87
0.0834504	0.15	3550.19
0.0837254	0.15	3548.5
0.0840012	0.15	3546.81
0.084278	0.15	3545.1
0.0845557	0.15	3543.38
0.0848343	0.15	3541.65
0.0851138	0.15	3539.91
0.0853942	0.15	3538.16
0.0856756	0.15	3536.4
0.0859579	0.15	3534.63
0.0862411	0.15	3532.85
0.0865252	0.15	3531.06
0.0868103	0.15	3529.26
0.0870964	0.15	3527.45
0.0873833	0.15	3525.62
0.0876712	0.15	3523.79
0.0879601	0.15	3521.95
0.0882499	0.15	3520.09
0.0885407	0.15	3518.23
0.0888324	0.15	3516.35
0.0891251	0.15	3514.47
0.0894187	0.15	3512.57
0.0897134	0.15	3510.66
0.090009	0.15	3508.74
0.0903055	0.15	3506.81
0.0906031	0.15	3504.87
0.0909016	0.15	3502.92
0.0912011	0.15	3500.95
0.0915016	0.15	3498.98
0.0918031	0.15	3497
0.0921055	0.15	3495
0.092409	0.15	3492.99
0.0927135	0.15	3490.97
0.0930189	0.15	3488.94
0.0933254	0.15	3486.9
0.0936329	0.15	3484.85
0.0939414	0.15	3482.79
0.0942509	0.15	3480.71
0.0945615	0.15	3478.63
0.094873	0.15	3476.53
0.0951856	0.15	3474.42
0.0954993	0.15	3472.3
0.0958139	0.15	3470.17
0.0961296	0.15	3468.03
0.0964463	0.15	3465.88
0.0967641	0.15	3463.71
0.0970829	0.15	3461.54
0.0974028	0.15	3459.35
0.0977237	0.15	3457.16
0.0980457	0.15	3454.95
0.0983687	0.15	3452.73
0.0986929	0.15	3450.49
0.099018	0.15	3448.25
0.0993443	0.15	3446
0.0996716	0.15	3443.73
0.1	0.15	3441.46
0.100329	0.15	3439.17
0.10066	0.15	3436.88
0.100992	0.15	3434.57
0.101324	0.15	3432.25
0.101658	0.15	3429.92
0.101993	0.15	3427.58
0.102329	0.15	3425.23
0.102666	0.15	3422.86
0.103005	0.15	3420.49
0.103344	0.15	3418.11
0.103685	0.15	3415.72
0.104026	0.15	3413.31
0.104369	0.15	3410.9
0.104713	0.15	3408.48
0.105058	0.15	3406.04
0.105404	0.15	3403.6
0.105751	0.15	3401.15
0.1061	0.15	3398.69
0.106449	0.15	3396.22
0.1068	0.15	3393.74
0.107152	0.15	3391.25
0.107505	0.15	3388.75
0.107859	0.15	3386.24
0.108215	0.15	3383.72
0.108571	0.15	3381.2
0.108929	0.15	3378.67
0.109288	0.15	3376.13
0.109648	0.15	3373.58
0.110009	0.15	3371.02
0.110372	0.15	3368.46
0.110735	0.15	3365.89
0.1111	0.15	3363.31
0.111466	0.15	3360.73
0.111833	0.15	3358.14
0.112202	0.15	3355.54
0.112572	0.15	3352.94
0.112942	0.15	3350.33
0.113315	0.15	3347.72
0.113688	0.15	3345.1
0.114062	0.15	3342.48
0.114438	0.15	3339.86
0.114815	0.15	3337.23
0.115194	0.15	3334.6
0.115573	0.15	3331.96
0.115954	0.15	3329.33
0.116336	0.15	3326.69
0.116719	0.15	3324.05
0.117104	0.15	3321.41
0.11749	0.15	3318.76
0.117877	0.15	3316.12
0.118265	0.15	3313.48
0.118655	0.15	3310.84
0.119046	0.15	3308.2
0.119438	0.15	3305.57
0.119832	0.15	3302.94
0.120226	0.15	3300.31
0.120623	0.15	3297.68
0.12102	0.15	3295.06
0.121419	0.15	3292.45
0.121819	0.15	3289.84
0.12222	0.15	3287.24
0.122623	0.15	3284.65
0.123027	0.15	3282.07
0.123432	0.15	3279.5
0.123839	0.15	3276.93
0.124247	0.15	3274.38
0.124656	0.15	3271.85
0.125067	0.15	3269.32
0.125479	0.15	3266.81
0.125893	0.15	3264.32
0.126307	0.15	3261.84
0.126723	0.15	3259.38
0.127141	0.15	3256.94
0.12756	0.15	3254.53
0.12798	0.15	3252.13
0.128402	0.15	3249.75
0.128825	0.15	3247.4
0.129249	0.15	3245.08
0.129675	0.15	3242.78
0.130103	0.15	3240.52
0.130531	0.15	3238.28
0.130961	0.15	3236.07
0.131393	0.15	3233.9
0.131826	0.15	3231.77
0.13226	0.15	3229.67
0.132696	0.15	3227.61
0.133133	0.15	3225.59
0.133572	0.15	3223.62
0.134012	0.15	3221.69
0.134453	0.15	3219.8
0.134896	0.15	3217.97
0.135341	0.15	3216.19
0.135787	0.15	3214.46
0.136234	0.15	3212.79
0.136683	0.15	3211.18
0.137133	0.15	3209.63
0.137585	0.15	3208.14
0.138038	0.15	3206.72
0.138493	0.15	3205.37
0.13895	0.15	3204.1
0.139407	0.15	3202.9
0.139867	0.15	3201.78
0.140328	0.15	3200.74
0.14079	0.15	3199.79
0.141254	0.15	3198.93
0.141719	0.15	3198.16
0.142186	0.15	3197.49
0.142655	0.15	3196.92
0.143125	0.15	3196.45
0.143596	0.15	3196.09
0.144069	0.15	3195.85
0.144544	0.15	3195.72
0.14502	0.15	3195.72
0.145498	0.15	3195.85
0.145977	0.15	3196.1
0.146458	0.15	3196.49
0.146941	0.15	3197.03
0.147425	0.15	3197.71
0.147911	0.15	3198.55
0.148398	0.15	3199.55
0.148887	0.15	3200.71
0.149378	0.15	3202.04
0.14987	0.15	3203.56
0.150364	0.15	3205.25
0.150859	0.15	3207.14
0.151356	0.15	3209.23
0.151855	0.15	3211.52
0.152355	0.15	3214.03
0.152857	0.15	3216.76
0.153361	0.15	3219.71
0.153866	0.15	3222.91
0.154373	0.15	3226.35
0.154882	0.15	3230.05
0.155392	0.15	3234.02
0.155904	0.15	3238.26
0.156418	0.15	3242.78
0.156933	0.15	3247.6
0.15745	0.15	3252.72
0.157969	0.15	3258.16
0.158489	0.15	3263.93
0.159012	0.15	3270.04
0.159535	0.15	3276.51
0.160061	0.15	3283.33
0.160588	0.15	3290.54
0.161118	0.15	3298.13
0.161648	0.15	3306.13
0.162181	0.15	3314.56
0.162715	0.15	3323.41
0.163251	0.15	3332.72
0.163789	0.15	3342.49
0.164329	0.15	3352.75
0.16487	0.15	3363.5
0.165414	0.15	3374.78
0.165959	0.15	3386.59
0.166505	0.15	3398.95
0.167054	0.15	3411.89
0.167605	0.15	3425.43
0.168157	0.15	3439.58
0.168711	0.15	3454.37
0.169267	0.15	3469.82
0.169824	0.15	3485.95
0.170384	0.15	3502.79
0.170945	0.15	3520.36
0.171509	0.15	3538.68
0.172074	0.15	3557.8
0.172641	0.15	3577.72
0.173209	0.15	3598.48
0.17378	0.15	3620.11
0.174353	0.15	3642.63
0.174927	0.15	3666.09
0.175503	0.15	3690.5
0.176082	0.15	3715.9
0.176662	0.15	3742.33
0.177244	0.15	3769.81
0.177828	0.15	3798.39
0.178414	0.15	3828.09
0.179002	0.15	3858.94
0.179591	0.15	3891
0.180183	0.15	3924.27
0.180777	0.15	3958.81
0.181372	0.15	3994.64
0.18197	0.15	4031.79
0.18257	0.15	4070.28
0.183171	0.15	4110.14
0.183775	0.15	4151.38
0.18438	0.15	4194.02
0.184988	0.15	4238.04
0.185597	0.15	4283.43
0.186209	0.15	4330.16
0.186822	0.15	4378.16
0.187438	0.15	4427.36
0.188055	0.15	4477.63
0.188675	0.15	4528.8
0.189297	0.15	4580.64
0.18992	0.15	4632.85
0.190546	0.15	4685.05
0.191174	0.15	4736.76
0.191804	0.15	4787.37
0.192436	0.15	4836.19
0.19307	0.15	4882.38
0.193706	0.15	4925.02
0.194344	0.15	4963.17
0.194984	0.15	4995.91
0.195627	0.15	5022.48
0.196271	0.15	5042.41
0.196918	0.15	5055.66
0.197567	0.15	5062.67
0.198218	0.15	5064.36
0.198871	0.15	5061.92
0.199526	0.15	5056.56
0.200184	0.15	5049.25
0.200843	0.15	5040.52
0.201505	0.15	5030.52
0.202169	0.15	5019.11
0.202835	0.15	5006.15
0.203503	0.15	4991.51
0.204174	0.15	4975.14
0.204847	0.15	4956.92
0.205521	0.15	4936.63
0.206199	0.15	4913.98
0.206878	0.15	4888.71
0.20756	0.15	4860.72
0.208243	0.15	4830.12
0.20893	0.15	4797.16
0.209618	0.15	4762.08
0.210309	0.15	4725.05
0.211002	0.15	4686.15
0.211697	0.15	4645.42
0.212394	0.15	4603.03
0.213094	0.15	4559.23
0.213796	0.15	4514.37
0.214501	0.15	4468.76
0.215207	0.15	4422.59
0.215916	0.15	4375.96
0.216628	0.15	4328.92
0.217342	0.15	4281.57
0.218058	0.15	4234.11
0.218776	0.15	4186.79
0.219497	0.15	4139.85
0.22022	0.15	4093.41
0.220946	0.15	4047.47
0.221674	0.15	4001.94
0.222404	0.15	3956.69
0.223137	0.15	3911.68
0.223872	0.15	3866.88
0.22461	0.15	3822.32
0.22535	0.15	3777.95
0.226092	0.15	3733.67
0.226837	0.15	3689.32
0.227585	0.15	3644.8
0.228334	0.15	3600.14
0.229087	0.15	3555.53
0.229842	0.15	3511.27
0.230599	0.15	3467.77
0.231359	0.15	3425.39
0.232121	0.15	3384.46
0.232886	0.15	3345.26
0.233653	0.15	3308.08
0.234423	0.15	3273.25
0.235195	0.15	3241.16
0.23597	0.15	3212.27
0.236748	0.15	3186.98
0.237528	0.15	3165.63
0.23831	0.15	3148.45
0.239096	0.15	3135.6
0.239883	0.15	3127.19
0.240674	0.15	3123.35
0.241467	0.15	3124.21
0.242262	0.15	3129.89
0.24306	0.15	3140.47
0.243861	0.15	3155.92
0.244665	0.15	3176.12
0.245471	0.15	3200.87
0.24628	0.15	3229.88
0.247091	0.15	3262.88
0.247905	0.15	3299.58
0.248722	0.15	3339.69
0.249542	0.15	3382.88
0.250364	0.15	3428.78
0.251189	0.15	3476.93
0.252016	0.15	3526.88
0.252847	0.15	3578.18
0.25368	0.15	3630.42
0.254516	0.15	3683.28
0.255354	0.15	3736.54
0.256195	0.15	3790
0.25704	0.15	3843.46
0.257886	0.15	3896.73
0.258736	0.15	3949.57
0.259589	0.15	4001.73
0.260444	0.15	4052.98
0.261302	0.15	4103.12
0.262163	0.15	4152.03
0.263027	0.15	4199.58
0.263893	0.15	4245.72
0.264763	0.15	4290.34
0.265635	0.15	4333.32
0.26651	0.15	4374.51
0.267389	0.15	4413.75
0.26827	0.15	4450.9
0.269153	0.15	4485.89
0.27004	0.15	4518.69
0.27093	0.15	4549.32
0.271823	0.15	4577.85
0.272718	0.15	4604.32
0.273617	0.15	4628.79
0.274518	0.15	4651.25
0.275423	0.15	4671.72
0.27633	0.15	4690.2
0.277241	0.15	4706.74
0.278154	0.15	4721.41
0.279071	0.15	4734.33
0.27999	0.15	4745.66
0.280913	0.15	4755.53
0.281838	0.15	4764.06
0.282767	0.15	4771.33
0.283699	0.15	4777.41
0.284633	0.15	4782.3
0.285571	0.15	4786.02
0.286512	0.15	4788.61
0.287456	0.15	4790.1
0.288403	0.15	4790.54
0.289353	0.15	4789.99
0.290307	0.15	4788.46
0.291263	0.15	4785.96
0.292223	0.15	4782.47
0.293186	0.15	4777.93
0.294152	0.15	4772.3
0.295121	0.15	4765.52
0.296093	0.15	4757.58
0.297069	0.15	4748.49
0.298048	0.15	4738.3
0.29903	0.15	4727.07
0.300015	0.15	4714.85
0.301003	0.15	4701.69
0.301995	0.15	4687.6
0.30299	0.15	4672.6
0.303988	0.15	4656.68
0.30499	0.15	4639.82
0.305995	0.15	4622.04
0.307003	0.15	4603.35
0.308015	0.15	4583.8
0.30903	0.15	4563.43
0.310048	0.15	4542.29
0.311069	0.15	4520.41
0.312094	0.15	4497.81
0.313123	0.15	4474.48
0.314154	0.15	4450.41
0.315189	0.15	4425.56
0.316228	0.15	4399.93
0.31727	0.15	4373.52
0.318315	0.15	4346.33
0.319364	0.15	4318.4
0.320416	0.15	4289.77
0.321472	0.15	4260.47
0.322531	0.15	4230.53
0.323594	0.15	4199.97
0.32466	0.15	4168.78
0.32573	0.15	4136.97
0.326803	0.15	4104.52
0.32788	0.15	4071.42
0.32896	0.15	4037.71
0.330044	0.15	4003.4
0.331131	0.15	3968.55
0.332222	0.15	3933.21
0.333317	0.15	3897.44
0.334415	0.15	3861.32
0.335517	0.15	3824.88
0.336622	0.15	3788.16
0.337731	0.15	3751.21
0.338844	0.15	3714.04
0.339961	0.15	3676.69
0.341081	0.15	3639.21
0.342204	0.15	3601.64
0.343332	0.15	3564.06
0.344463	0.15	3526.54
0.345598	0.15	3489.18
0.346737	0.15	3452.07
0.347879	0.15	3415.28
0.349025	0.15	3378.91
0.350175	0.15	3343.02
0.351329	0.15	3307.67
0.352487	0.15	3272.93
0.353648	0.15	3238.85
0.354813	0.15	3205.51
0.355982	0.15	3172.99
0.357155	0.15	3141.37
0.358332	0.15	3110.74
0.359513	0.15	3081.22
0.360697	0.15	3052.9
0.361886	0.15	3025.88
0.363078	0.15	3000.24
0.364274	0.15	2976.06
0.365475	0.15	2953.42
0.366679	0.15	2932.36
0.367887	0.15	2912.95
0.369099	0.15	2895.23
0.370315	0.15	2879.26
0.371535	0.15	2865.11
0.372759	0.15	2852.81
0.373988	0.15	2842.45
0.37522	0.15	2834.06
0.376456	0.15	2827.71
0.377696	0.15	2823.44
0.378941	0.15	2821.29
0.380189	0.15	2821.28
0.381442	0.15	2823.43
0.382699	0.15	2827.76
0.38396	0.15	2834.28
0.385225	0.15	2842.99
0.386494	0.15	2853.9
0.387768	0.15	2867.04
0.389045	0.15	2882.4
0.390327	0.15	2900.02
0.391613	0.15	2919.91
0.392903	0.15	2942.09
0.394198	0.15	2966.56
0.395497	0.15	2993.33
0.3968	0.15	3022.4
0.398107	0.15	3053.75
0.399419	0.15	3087.37
0.400735	0.15	3123.22
0.402055	0.15	3161.29
0.40338	0.15	3201.53
0.404709	0.15	3243.91
0.406042	0.15	3288.37
0.40738	0.15	3334.86
0.408723	0.15	3383.31
0.410069	0.15	3433.62
0.41142	0.15	3485.68
0.412776	0.15	3539.35
0.414136	0.15	3594.44
0.4155	0.15	3650.74
0.416869	0.15	3707.97
0.418243	0.15	3765.82
0.419621	0.15	3823.91
0.421004	0.15	3881.83
0.422391	0.15	3939.11
0.423782	0.15	3995.23
0.425179	0.15	4049.68
0.42658	0.15	4101.93
0.427985	0.15	4151.5
0.429395	0.15	4197.98
0.43081	0.15	4241.09
0.432229	0.15	4280.71
0.433654	0.15	4316.89
0.435082	0.15	4349.86
0.436516	0.15	4379.98
0.437954	0.15	4407.69
0.439397	0.15	4433.4
0.440845	0.15	4457.43
0.442297	0.15	4479.98
0.443755	0.15	4501.12
0.445217	0.15	4520.79
0.446684	0.15	4538.9
0.448155	0.15	4555.31
0.449632	0.15	4569.94
0.451113	0.15	4582.67
0.4526	0.15	4593.42
0.454091	0.15	4602.04
0.455587	0.15	4608.39
0.457088	0.15	4612.35
0.458594	0.15	4613.8
0.460105	0.15	4612.71
0.461621	0.15	4609.09
0.463142	0.15	4603
0.464668	0.15	4594.53
0.466199	0.15	4583.76
0.467735	0.15	4570.74
0.469276	0.15	4555.53
0.470822	0.15	4538.21
0.472374	0.15	4518.87
0.47393	0.15	4497.64
0.475492	0.15	4474.68
0.477058	0.15	4450.14
0.47863	0.15	4424.18
0.480207	0.15	4396.9
0.481789	0.15	4368.4
0.483377	0.15	4338.76
0.484969	0.15	4308.08
0.486567	0.15	4276.46
0.48817	0.15	4244.02
0.489779	0.15	4210.88
0.491393	0.15	4177.13
0.493012	0.15	4142.86
0.494636	0.15	4108.09
0.496266	0.15	4072.83
0.497901	0.15	4037.07
0.499541	0.15	4000.81
0.501187	0.15	3964.05
0.502839	0.15	3926.8
0.504495	0.15	3889.08
0.506158	0.15	3850.89
0.507825	0.15	3812.23
0.509498	0.15	3773.09
0.511177	0.15	3733.46
0.512861	0.15	3693.37
0.514551	0.15	3652.88
0.516247	0.15	3612.09
0.517947	0.15	3571.14
0.519654	0.15	3530.21
0.521366	0.15	3489.47
0.523084	0.15	3449.11
0.524807	0.15	3409.32
0.526537	0.15	3370.29
0.528271	0.15	3332.18
0.530012	0.15	3295.19
0.531758	0.15	3259.53
0.53351	0.15	3225.4
0.535268	0.15	3193.01
0.537032	0.15	3162.56
0.538801	0.15	3134.24
0.540576	0.15	3108.2
0.542358	0.15	3084.58
0.544145	0.15	3063.47
0.545937	0.15	3044.97
0.547736	0.15	3029.15
0.549541	0.15	3016.09
0.551352	0.15	3005.83
0.553168	0.15	2998.42
0.554991	0.15	2993.85
0.556819	0.15	2992.13
0.558654	0.15	2993.19
0.560495	0.15	2996.95
0.562341	0.15	3003.33
0.564194	0.15	3012.21
0.566053	0.15	3023.45
0.567918	0.15	3036.91
0.569789	0.15	3052.45
0.571667	0.15	3069.92
0.57355	0.15	3089.13
0.57544	0.15	3109.91
0.577336	0.15	3132.06
0.579238	0.15	3155.4
0.581147	0.15	3179.71
0.583061	0.15	3204.84
0.584982	0.15	3230.59
0.58691	0.15	3256.83
0.588844	0.15	3283.42
0.590784	0.15	3310.24
0.59273	0.15	3337.16
0.594683	0.15	3364.08
0.596643	0.15	3390.89
0.598608	0.15	3417.47
0.600581	0.15	3443.72
0.60256	0.15	3469.53
0.604545	0.15	3494.82
0.606537	0.15	3519.5
0.608535	0.15	3543.5
0.61054	0.15	3566.77
0.612552	0.15	3589.25
0.61457	0.15	3610.89
0.616595	0.15	3631.63
0.618627	0.15	3651.43
0.620665	0.15	3670.24
0.62271	0.15	3688.01
0.624762	0.15	3704.71
0.62682	0.15	3720.31
0.628885	0.15	3734.79
0.630957	0.15	3748.14
0.633036	0.15	3760.38
0.635122	0.15	3771.52
0.637215	0.15	3781.58
0.639314	0.15	3790.59
0.641421	0.15	3798.57
0.643534	0.15	3805.55
0.645654	0.15	3811.55
0.647782	0.15	3816.62
0.649916	0.15	3820.78
0.652057	0.15	3824.1
0.654206	0.15	3826.62
0.656361	0.15	3828.41
0.658524	0.15	3829.53
0.660693	0.15	3830.06
0.66287	0.15	3830.07
0.665054	0.15	3829.63
0.667246	0.15	3828.8
0.669444	0.15	3827.64
0.67165	0.15	3826.22
0.673863	0.15	3824.59
0.676083	0.15	3822.81
0.678311	0.15	3820.92
0.680545	0.15	3818.98
0.682788	0.15	3817.04
0.685037	0.15	3815.14
0.687294	0.15	3813.33
0.689559	0.15	3811.65
0.691831	0.15	3810.13
0.69411	0.15	3808.78
0.696397	0.15	3807.61
0.698692	0.15	3806.63
0.700994	0.15	3805.83
0.703304	0.15	3805.18
0.705621	0.15	3804.66
0.707946	0.15	3804.22
0.710278	0.15	3803.8
0.712619	0.15	3803.32
0.714967	0.15	3802.71
0.717322	0.15	3801.85
0.719686	0.15	3800.61
0.722057	0.15	3798.84
0.724436	0.15	3796.38
0.726823	0.15	3793.06
0.729218	0.15	3788.71
0.73162	0.15	3783.16
0.734031	0.15	3776.27
0.736449	0.15	3767.92
0.738876	0.15	3758.04
0.74131	0.15	3746.61
0.743753	0.15	3733.65
0.746203	0.15	3719.24
0.748662	0.15	3703.46
0.751129	0.15	3686.46
0.753603	0.15	3668.35
0.756086	0.15	3649.25
0.758578	0.15	3629.24
0.761077	0.15	3608.37
0.763585	0.15	3586.65
0.7661	0.15	3564.05
0.768625	0.15	3540.54
0.771157	0.15	3516.06
0.773698	0.15	3490.54
0.776247	0.15	3463.93
0.778805	0.15	3436.17
0.781371	0.15	3407.18
0.783945	0.15	3376.92
0.786528	0.15	3345.32
0.78912	0.15	3312.32
0.79172	0.15	3277.88
0.794328	0.15	3241.96
0.796945	0.15	3204.55
0.799571	0.15	3165.64
0.802206	0.15	3125.25
0.804849	0.15	3083.4
0.807501	0.15	3040.13
0.810161	0.15	2995.49
0.812831	0.15	2949.51
0.815509	0.15	2902.24
0.818196	0.15	2853.73
0.820891	0.15	2804.06
0.823596	0.15	2753.28
0.82631	0.15	2701.47
0.829032	0.15	2648.7
0.831764	0.15	2595.06
0.834504	0.15	2540.62
0.837254	0.15	2485.45
0.840012	0.15	2429.63
0.84278	0.15	2373.21
0.845557	0.15	2316.27
0.848343	0.15	2258.88
0.851138	0.15	2201.11
0.853942	0.15	2143.02
0.856756	0.15	2084.69
0.859579	0.15	2026.18
0.862411	0.15	1967.57
0.865252	0.15	1908.89
0.868103	0.15	1850.2
0.870964	0.15	1791.55
0.873833	0.15	1732.96
0.876712	0.15	1674.47
0.879601	0.15	1616.12
0.882499	0.15	1557.93
0.885407	0.15	1499.93
0.888324	0.15	1442.16
0.891251	0.15	1384.65
0.894187	0.15	1327.44
0.897134	0.15	1270.55
0.90009	0.15	1214.04
0.903055	0.15	1157.94
0.906031	0.15	1102.31
0.909016	0.15	1047.22
0.912011	0.15	992.733
0.915016	0.15	938.94
0.918031	0.15	885.929
0.921055	0.15	833.797
0.92409	0.15	782.647
0.927135	0.15	732.583
0.930189	0.15	683.71
0.933254	0.15	636.135
0.936329	0.15	589.965
0.939414	0.15	545.307
0.942509	0.15	502.267
0.945615	0.15	460.951
0.94873	0.15	421.464
0.951856	0.15	383.907
0.954993	0.15	348.378
0.958139	0.15	314.967
0.961296	0.15	283.76
0.964463	0.15	254.833
0.967641	0.15	228.254
0.970829	0.15	204.085
0.974028	0.15	182.378
0.977237	0.15	163.176
0.980457	0.15	146.516
0.983687	0.15	132.426
0.986929	0.15	120.928
0.99018	0.15	112.032
0.993443	0.15	105.743
0.996716	0.15	102.055
1	0.15	100.953
1.00329	0.15	102.416
1.0066	0.15	106.411
1.00992	0.15	112.899
1.01324	0.15	121.834
1.01658	0.15	133.165
1.01993	0.15	146.832
1.02329	0.15	162.774
1.02666	0.15	180.924
1.03005	0.15	201.21
1.03344	0.15	223.558
1.03685	0.15	247.892
1.04026	0.15	274.132
1.04369	0.15	302.198
1.04713	0.15	332.01
1.05058	0.15	363.487
1.05404	0.15	396.55
1.05751	0.15	431.122
1.061	0.15	467.126
1.06449	0.15	504.489
1.068	0.15	543.139
1.07152	0.15	583.004
1.07505	0.15	624.015
1.07859	0.15	666.099
1.08215	0.15	709.187
1.08571	0.15	753.206
1.08929	0.15	798.079
1.09288	0.15	843.732
1.09648	0.15	890.083
1.10009	0.15	937.05
1.10372	0.15	984.548
1.10735	0.15	1032.49
1.111	0.15	1080.78
1.11466	0.15	1129.32
1.11833	0.15	1178.03
1.12202	0.15	1226.8
1.12572	0.15	1275.53
1.12942	0.15	1324.13
1.13315	0.15	1372.51
1.13688	0.15	1420.57
1.14062	0.15	1468.25
1.14438	0.15	1515.45
1.14815	0.15	1562.14
1.15194	0.15	1608.24
1.15573	0.15	1653.73
1.15954	0.15	1698.58
1.16336	0.15	1742.75
1.16719	0.15	1786.25
1.17104	0.15	1829.06
1.1749	0.15	1871.16
1.17877	0.15	1912.56
1.18265	0.15	1953.24
1.18655	0.15	1993.19
1.19046	0.15	2032.37
1.19438	0.15	2070.77
1.19832	0.15	2108.36
1.20226	0.15	2145.09
1.20623	0.15	2180.93
1.2102	0.15	2215.84
1.21419	0.15	2249.78
1.21819	0.15	2282.72
1.2222	0.15	2314.62
1.22623	0.15	2345.44
1.23027	0.15	2375.16
1.23432	0.15	2403.74
1.23839	0.15	2431.15
1.24247	0.15	2457.39
1.24656	0.15	2482.43
1.25067	0.15	2506.25
1.25479	0.15	2528.86
1.25893	0.15	2550.24
1.26307	0.15	2570.39
1.26723	0.15	2589.32
1.27141	0.15	2607.04
1.2756	0.15	2623.55
1.2798	0.15	2638.87
1.28402	0.15	2653.02
1.28825	0.15	2666.01
1.29249	0.15	2677.87
1.29675	0.15	2688.6
1.30103	0.15	2698.25
1.30531	0.15	2706.82
1.30961	0.15	2714.35
1.31393	0.15	2720.86
1.31826	0.15	2726.38
1.3226	0.15	2730.94
1.32696	0.15	2734.56
1.33133	0.15	2737.28
1.33572	0.15	2739.11
1.34012	0.15	2740.09
1.34453	0.15	2740.24
1.34896	0.15	2739.6
1.35341	0.15	2738.19
1.35787	0.15	2736.03
1.36234	0.15	2733.15
1.36683	0.15	2729.58
1.37133	0.15	2725.34
1.37585	0.15	2720.45
1.38038	0.15	2714.94
1.38493	0.15	2708.83
1.3895	0.15	2702.13
1.39407	0.15	2694.87
1.39867	0.15	2687.06
1.40328	0.15	2678.72
1.4079	0.15	2669.87
1.41254	0.15	2660.53
1.41719	0.15	2650.71
1.42186	0.15	2640.42
1.42655	0.15	2629.69
1.43125	0.15	2618.54
1.43596	0.15	2606.98
1.44069	0.15	2595.03
1.44544	0.15	2582.72
1.4502	0.15	2570.06
1.45498	0.15	2557.08
1.45977	0.15	2543.81
1.46458	0.15	2530.27
1.46941	0.15	2516.49
1.47425	0.15	2502.5
1.47911	0.15	2488.34
1.48398	0.15	2474.03
1.48887	0.15	2459.62
1.49378	0.15	2445.14
1.4987	0.15	2430.64
1.50364	0.15	2416.14
1.50859	0.15	2401.7
1.51356	0.15	2387.35
1.51855	0.15	2373.13
1.52355	0.15	2359.09
1.52857	0.15	2345.27
1.53361	0.15	2331.71
1.53866	0.15	2318.46
1.54373	0.15	2305.55
1.54882	0.15	2293.02
1.55392	0.15	2280.93
1.55904	0.15	2269.29
1.56418	0.15	2258.16
1.56933	0.15	2247.57
1.5745	0.15	2237.56
1.57969	0.15	2228.15
1.58489	0.15	2219.38
1.59012	0.15	2211.28
1.59535	0.15	2203.87
1.60061	0.15	2197.19
1.60588	0.15	2191.24
1.61118	0.15	2186.06
1.61648	0.15	2181.67
1.62181	0.15	2178.07
1.62715	0.15	2175.27
1.63251	0.15	2173.3
1.63789	0.15	2172.16
1.64329	0.15	2171.85
1.6487	0.15	2172.37
1.65414	0.15	2173.73
1.65959	0.15	2175.92
1.66505	0.15	2178.94
1.67054	0.15	2182.78
1.67605	0.15	2187.43
1.68157	0.15	2192.88
1.68711	0.15	2199.13
1.69267	0.15	2206.15
1.69824	0.15	2213.93
1.70384	0.15	2222.46
1.70945	0.15	2231.72
1.71509	0.15	2241.69
1.72074	0.15	2252.36
1.72641	0.15	2263.7
1.73209	0.15	2275.71
1.7378	0.15	2288.35
1.74353	0.15	2301.61
1.74927	0.15	2315.48
1.75503	0.15	2329.92
1.76082	0.15	2344.93
1.76662	0.15	2360.48
1.77244	0.15	2376.55
1.77828	0.15	2393.12
1.78414	0.15	2410.17
1.79002	0.15	2427.66
1.79591	0.15	2445.59
1.80183	0.15	2463.92
1.80777	0.15	2482.64
1.81372	0.15	2501.71
1.8197	0.15	2521.11
1.8257	0.15	2540.82
1.83171	0.15	2560.81
1.83775	0.15	2581.06
1.8438	0.15	2601.54
1.84988	0.15	2622.23
1.85597	0.15	2643.11
1.86209	0.15	2664.15
1.86822	0.15	2685.32
1.87438	0.15	2706.62
1.88055	0.15	2728.02
1.88675	0.15	2749.49
1.89297	0.15	2771.03
1.8992	0.15	2792.61
1.90546	0.15	2814.22
1.91174	0.15	2835.85
1.91804	0.15	2857.47
1.92436	0.15	2879.08
1.9307	0.15	2900.67
1.93706	0.15	2922.22
1.94344	0.15	2943.73
1.94984	0.15	2965.19
1.95627	0.15	2986.59
1.96271	0.15	3007.92
1.96918	0.15	3029.18
1.97567	0.15	3050.36
1.98218	0.15	3071.47
1.98871	0.15	3092.49
1.99526	0.15	3113.44
2.00184	0.15	3134.29
2.00843	0.15	3155.07
2.01505	0.15	3175.75
2.02169	0.15	3196.35
2.02835	0.15	3216.87
2.03503	0.15	3237.31
2.04174	0.15	3257.66
2.04847	0.15	3277.94
2.05521	0.15	3298.14
2.06199	0.15	3318.27
2.06878	0.15	3338.34
2.0756	0.15	3358.34
2.08243	0.15	3378.28
2.0893	0.15	3398.17
2.09618	0.15	3418.01
2.10309	0.15	3437.81
2.11002	0.15	3457.57
2.11697	0.15	3477.3
2.12394	0.15	3497
2.13094	0.15	3516.68
2.13796	0.15	3536.35
2.14501	0.15	3556.01
2.15207	0.15	3575.67
2.15916	0.15	3595.33
2.16628	0.15	3615.01
2.17342	0.15	3634.71
2.18058	0.15	3654.44
2.18776	0.15	3674.2
2.19497	0.15	3694
2.2022	0.15	3713.86
2.20946	0.15	3733.77
2.21674	0.15	3753.75
2.22404	0.15	3773.8
2.23137	0.15	3793.93
2.23872	0.15	3814.15
2.2461	0.15	3834.47
2.2535	0.15	3854.89
2.26092	0.15	3875.42
2.26837	0.15	3896.07
2.27585	0.15	3916.85
2.28334	0.15	3937.76
2.29087	0.15	3958.82
2.29842	0.15	3980.02
2.30599	0.15	4001.39
2.31359	0.15	4022.92
2.32121	0.15	4044.62
2.32886	0.15	4066.51
2.33653	0.15	4088.59
2.34423	0.15	4110.88
2.35195	0.15	4133.37
2.3597	0.15	4156.08
2.36748	0.15	4179.03
2.37528	0.15	4202.21
2.3831	0.15	4225.65
2.39096	0.15	4249.35
2.39883	0.15	4273.33
2.40674	0.15	4297.6
2.41467	0.15	4322.18
2.42262	0.15	4347.09
2.4306	0.15	4372.34
2.43861	0.15	4397.95
2.44665	0.15	4423.94
2.45471	0.15	4450.34
2.4628	0.15	4477.18
2.47091	0.15	4504.46
2.47905	0.15	4532.24
2.48722	0.15	4560.53
2.49542	0.15	4589.36
2.50364	0.15	4618.77
2.51189	0.15	4648.79
2.52016	0.15	4679.46
2.52847	0.15	4710.81
2.5368	0.15	4742.87
2.54516	0.15	4775.69
2.55354	0.15	4809.3
2.56195	0.15	4843.74
2.5704	0.15	4879.06
2.57886	0.15	4915.29
2.58736	0.15	4952.48
2.59589	0.15	4990.67
2.60444	0.15	5029.9
2.61302	0.15	5070.22
2.62163	0.15	5111.67
2.63027	0.15	5154.31
2.63893	0.15	5198.16
2.64763	0.15	5243.29
2.65635	0.15	5289.74
2.6651	0.15	5337.55
2.67389	0.15	5386.77
2.6827	0.15	5437.44
2.69153	0.15	5489.61
2.7004	0.15	5543.32
2.7093	0.15	5598.61
2.71823	0.15	5655.52
2.72718	0.15	5714.09
2.73617	0.15	5774.35
2.74518	0.15	5836.32
2.75423	0.15	5900.04
2.7633	0.15	5965.51
2.77241	0.15	6032.76
2.78154	0.15	6101.78
2.79071	0.15	6172.57
2.7999	0.15	6245.12
2.80913	0.15	6319.41
2.81838	0.15	6395.41
2.82767	0.15	6473.09
2.83699	0.15	6552.41
2.84633	0.15	6633.34
2.85571	0.15	6715.81
2.86512	0.15	6799.8
2.87456	0.15	6885.24
2.88403	0.15	6972.11
2.89353	0.15	7060.35
2.90307	0.15	7149.92
2.91263	0.15	7240.78
2.92223	0.15	7332.9
2.93186	0.15	7426.22
2.94152	0.15	7520.71
2.95121	0.15	7616.32
2.96093	0.15	7713.01
2.97069	0.15	7810.72
2.98048	0.15	7909.4
2.9903	0.15	8008.99
3.00015	0.15	8109.43
3.01003	0.15	8210.67
3.01995	0.15	8312.64
3.0299	0.15	8415.29
3.03988	0.15	8518.57
3.0499	0.15	8622.43
3.05995	0.15	8726.82
3.07003	0.15	8831.72
3.08015	0.15	8937.1
3.0903	0.15	9042.93
3.10048	0.15	9149.18
3.11069	0.15	9255.85
3.12094	0.15	9362.9
3.13123	0.15	9470.32
3.14154	0.15	9578.09
3.15189	0.15	9686.17
3.16228	0.15	9794.53
3.1727	0.15	9903.15
3.18315	0.15	10012
3.19364	0.15	10121
3.20416	0.15	10230.2
3.21472	0.15	10339.6
3.22531	0.15	10449
3.23594	0.15	10558.6
3.2466	0.15	10668.4
3.2573	0.15	10778.2
3.26803	0.15	10888.3
3.2788	0.15	10998.5
3.2896	0.15	11108.9
3.30044	0.15	11219.6
3.31131	0.15	11330.5
3.32222	0.15	11441.7
3.33317	0.15	11553.2
3.34415	0.15	11664.9
3.35517	0.15	11776.8
3.36622	0.15	11888.9
3.37731	0.15	12001.2
3.38844	0.15	12113.6
3.39961	0.15	12226
3.41081	0.15	12338.5
3.42204	0.15	12451
3.43332	0.15	12563.5
3.44463	0.15	12676
3.45598	0.15	12788.6
3.46737	0.15	12901.3
3.47879	0.15	13014.3
3.49025	0.15	13127.7
3.50175	0.15	13241.5
3.51329	0.15	13356
3.52487	0.15	13471.2
3.53648	0.15	13587.4
3.54813	0.15	13704.6
3.55982	0.15	13822.9
3.57155	0.15	13942.5
3.58332	0.15	14063.2
3.59513	0.15	14185.2
3.60697	0.15	14308.3
3.61886	0.15	14432.3
3.63078	0.15	14557.3
3.64274	0.15	14682.9
3.65475	0.15	14809
3.66679	0.15	14935.3
3.67887	0.15	15061.8
3.69099	0.15	15188.1
3.70315	0.15	15314.1
3.71535	0.15	15439.6
3.72759	0.15	15564.7
3.73988	0.15	15689.3
3.7522	0.15	15813.3
3.76456	0.15	15936.9
3.77696	0.15	16060.3
3.78941	0.15	16183.5
3.80189	0.15	16306.7
3.81442	0.15	16430.4
3.82699	0.15	16554.6
3.8396	0.15	16679.8
3.85225	0.15	16806.1
3.86494	0.15	16933.8
3.87768	0.15	17063.2
3.89045	0.15	17194.4
3.90327	0.15	17327.6
3.91613	0.15	17462.8
3.92903	0.15	17600
3.94198	0.15	17739.4
3.95497	0.15	17880.7
3.968	0.15	18023.8
3.98107	0.15	18168.7
3.99419	0.15	18315.2
4.00735	0.15	18463
4.02055	0.15	18612
4.0338	0.15	18761.9
4.04709	0.15	18912.8
4.06042	0.15	19064.3
4.0738	0.15	19216.4
4.08723	0.15	19369.1
4.10069	0.15	19522.4
4.1142	0.15	19676.1
4.12776	0.15	19830.5
4.14136	0.15	19985.7
4.155	0.15	20141.8
4.16869	0.15	20299
4.18243	0.15	20457.5
4.19621	0.15	20617.6
4.21004	0.15	20779.6
4.22391	0.15	20943.7
4.23782	0.15	21110.1
4.25179	0.15	21279.2
4.2658	0.15	21451.1
4.27985	0.15	21626
4.29395	0.15	21804.1
4.3081	0.15	21985.5
4.32229	0.15	22170.3
4.33654	0.15	22358.5
4.35082	0.15	22550.1
4.36516	0.15	22745
4.37954	0.15	22943.3
4.39397	0.15	23144.9
4.40845	0.15	23349.6
4.42297	0.15	23557.4
4.43755	0.15	23768.2
4.45217	0.15	23982
4.46684	0.15	24198.6
4.48155	0.15	24418.2
4.49632	0.15	24640.6
4.51113	0.15	24866
4.526	0.15	25094.3
4.54091	0.15	25325.6
4.55587	0.15	25560
4.57088	0.15	25797.5
4.58594	0.15	26038.2
4.60105	0.15	26282.1
4.61621	0.15	26529.3
4.63142	0.15	26779.7
4.64668	0.15	27033.3
4.66199	0.15	27290.1
4.67735	0.15	27549.9
4.69276	0.15	27812.6
4.70822	0.15	28078.2
4.72374	0.15	28346.4
4.7393	0.15	28617.1
4.75492	0.15	28890.2
4.77058	0.15	29165.6
4.7863	0.15	29443.1
4.80207	0.15	29722.5
4.81789	0.15	30003.9
4.83377	0.15	30287.1
4.84969	0.15	30572
4.86567	0.15	30858.6
4.8817	0.15	31146.9
4.89779	0.15	31436.8
4.91393	0.15	31728.4
4.93012	0.15	32021.5
4.94636	0.15	32316.2
4.96266	0.15	32612.5
4.97901	0.15	32910.5
4.99541	0.15	33210.1
5.01187	0.15	33511.4
5.02839	0.15	33814.5
5.04495	0.15	34119.3
5.06158	0.15	34426
5.07825	0.15	34734.6
5.09498	0.15	35045.3
5.11177	0.15	35358.2
5.12861	0.15	35673.2
5.14551	0.15	35990.7
5.16247	0.15	36310.7
5.17947	0.15	36633.3
5.19654	0.15	36958.8
5.21366	0.15	37287.2
5.23084	0.15	37618.7
5.24807	0.15	37953.5
5.26537	0.15	38291.6
5.28271	0.15	38633.2
5.30012	0.15	38978.4
5.31758	0.15	39327.4
5.3351	0.15	39680.2
5.35268	0.15	40036.8
5.37032	0.15	40397.4
5.38801	0.15	40761.9
5.40576	0.15	41130.4
5.42358	0.15	41502.9
5.44145	0.15	41879.4
5.45937	0.15	42259.9
5.47736	0.15	42644.2
5.49541	0.15	43032.5
5.51352	0.15	43424.5
5.53168	0.15	43820.3
5.54991	0.15	44219.9
5.56819	0.15	44623
5.58654	0.15	45029.7
5.60495	0.15	45439.8
5.62341	0.15	45853.4
5.64194	0.15	46270.4
5.66053	0.15	46690.6
5.67918	0.15	47114.1
5.69789	0.15	47540.8
5.71667	0.15	47970.7
5.7355	0.15	48403.7
5.7544	0.15	48839.8
5.77336	0.15	49279.1
5.79238	0.15	49721.4
5.81147	0.15	50166.9
5.83061	0.15	50615.4
5.84982	0.15	51067.1
5.8691	0.15	51522
5.88844	0.15	51980
5.90784	0.15	52441.2
5.9273	0.15	52905.7
5.94683	0.15	53373.5
5.96643	0.15	53844.7
5.98608	0.15	54319.2
6.00581	0.15	54797.2
6.0256	0.15	55278.8
6.04545	0.15	55763.9
6.06537	0.15	56252.6
6.08535	0.15	56745.1
6.1054	0.15	57241.3
6.12552	0.15	57741.4
6.1457	0.15	58245.4
6.16595	0.15	58753.3
6.18627	0.15	59265.4
6.20665	0.15	59781.5
6.2271	0.15	60301.9
6.24762	0.15	60826.5
6.2682	0.15	61355.5
6.28885	0.15	61888.8
6.30957	0.15	62426.7
6.33036	0.15	62969.1
6.35122	0.15	63516.1
6.37215	0.15	64067.8
6.39314	0.15	64624.2
6.41421	0.15	65185.4
6.43534	0.15	65751.5
6.45654	0.15	66322.5
6.47782	0.15	66898.3
6.49916	0.15	67479.2
6.52057	0.15	68065.1
6.54206	0.15	68656
6.56361	0.15	69251.9
6.58524	0.15	69852.8
6.60693	0.15	70458.8
6.6287	0.15	71069.9
6.65054	0.15	71685.8
6.67246	0.15	72306.8
6.69444	0.15	72932.6
6.7165	0.15	73563.2
6.73863	0.15	74198.4
6.76083	0.15	74838.3
6.78311	0.15	75482.7
6.80545	0.15	76131.4
6.82788	0.15	76784.3
6.85037	0.15	77441.1
6.87294	0.15	78101.9
6.89559	0.15	78766.3
6.91831	0.15	79434.1
6.9411	0.15	80105.3
6.96397	0.15	80779.5
6.98692	0.15	81456.8
7.00994	0.15	82136.8
7.03304	0.15	82819.6
7.05621	0.15	83505.1
7.07946	0.15	84193.2
7.10278	0.15	84884
7.12619	0.15	85577.6
7.14967	0.15	86274.3
7.17322	0.15	86974.2
7.19686	0.15	87677.9
7.22057	0.15	88385.7
7.24436	0.15	89098.2
7.26823	0.15	89816.1
7.29218	0.15	90540.1
7.3162	0.15	91271
7.34031	0.15	92009.4
7.36449	0.15	92756.3
7.38876	0.15	93512.4
7.4131	0.15	94278.4
7.43753	0.15	95055
7.46203	0.15	95842.5
7.48662	0.15	96641.3
7.51129	0.15	97451.7
7.53603	0.15	98273.7
7.56086	0.15	99107.2
7.58578	0.15	99952.1
7.61077	0.15	100808
7.63585	0.15	101675
7.661	0.15	102552
7.68625	0.15	103440
7.71157	0.15	104339
7.73698	0.15	105248
7.76247	0.15	106167
7.78805	0.15	107096
7.81371	0.15	108037
7.83945	0.15	108988
7.86528	0.15	109950
7.8912	0.15	110923
7.9172	0.15	111906
7.94328	0.15	112899
7.96945	0.15	113900
7.99571	0.15	114910
8.02206	0.15	115925
8.04849	0.15	116945
8.07501	0.15	117968
8.10161	0.15	118991
8.12831	0.15	120015
8.15509	0.15	121037
8.18196	0.15	122056
8.20891	0.15	123073
8.23596	0.15	124088
8.2631	0.15	125103
8.29032	0.15	126119
8.31764	0.15	127139
8.34504	0.15	128166
8.37254	0.15	129202
8.40012	0.15	130249
8.4278	0.15	131307
8.45557	0.15	132374
8.48343	0.15	133447
8.51138	0.15	134519
8.53942	0.15	135581
8.56756	0.15	136625
8.59579	0.15	137641
8.62411	0.15	138620
8.65252	0.15	139557
8.68103	0.15	140452
8.70964	0.15	141310
8.73833	0.15	142142
8.76712	0.15	142966
8.79601	0.15	143801
8.82499	0.15	144667
8.85407	0.15	145579
8.88324	0.15	146548
8.91251	0.15	147573
8.94187	0.15	148648
8.97134	0.15	149759
9.0009	0.15	150893
9.03055	0.15	152036
9.06031	0.15	153179
9.09016	0.15	154321
9.12011	0.15	155461
9.15016	0.15	156607
9.18031	0.15	157764
9.21055	0.15	158940
9.2409	0.15	160140
9.27135	0.15	161367
9.30189	0.15	162621
9.33254	0.15	163899
9.36329	0.15	165193
9.39414	0.15	166494
9.42509	0.15	167792
9.45615	0.15	169075
9.4873	0.15	170330
9.51856	0.15	171550
9.54993	0.15	172728
9.58139	0.15	173859
9.61296	0.15	174944
9.64463	0.15	175986
9.67641	0.15	176988
9.70829	0.15	177957
9.74028	0.15	178905
9.77237	0.15	179850
9.80457	0.15	180818
9.83687	0.15	181843
9.86929	0.15	182963
9.9018	0.15	184212
9.93443	0.15	185608
9.96716	0.15	187153
10	0.15	188827
10.0329	0.15	190602
10.066	0.15	192452
10.0992	0.15	194361
10.1324	0.15	196328
10.1658	0.15	198368
10.1993	0.15	200501
10.2329	0.15	202756
10.2666	0.15	205157
10.3005	0.15	207723
10.3344	0.15	210469
10.3685	0.15	213403
10.4026	0.15	216526
10.4369	0.15	219837
10.4713	0.15	223330
10.5058	0.15	226994
10.5404	0.15	230821
10.5751	0.15	234796
10.61	0.15	238906
10.6449	0.15	243134
10.68	0.15	247463
10.7152	0.15	251872
10.7505	0.15	256335
10.7859	0.15	260820
10.8215	0.15	265291
10.8571	0.15	269698
10.8929	0.15	273982
10.9288	0.15	278066
10.9648	0.15	281859
11.0009	0.15	285248
11.0372	0.15	288112
11.0735	0.15	290327
11.11	0.15	291791
11.1466	0.15	292460
11.1833	0.15	292388
11.2202	0.15	291745
11.2572	0.15	290800
11.2942	0.15	289839
11.3315	0.15	289073
11.3688	0.15	288581
11.4062	0.15	288330
11.4438	0.15	288242
11.4815	0.15	288250
11.5194	0.15	288326
11.5573	0.15	288483
11.5954	0.15	288753
11.6336	0.15	289180
11.6719	0.15	289804
11.7104	0.15	290660
11.749	0.15	291776
11.7877	0.15	293172
11.8265	0.15	294859
11.8655	0.15	296842
11.9046	0.15	299115
11.9438	0.15	301672
11.9832	0.15	304502
12.0226	0.15	307596
12.0623	0.15	310947
12.102	0.15	314548
12.1419	0.15	318392
12.1819	0.15	322470
12.222	0.15	326760
12.2623	0.15	331229
12.3027	0.15	335822
12.3432	0.15	340449
12.3839	0.15	344986
12.4247	0.15	349263
12.4656	0.15	353082
12.5067	0.15	356263
12.5479	0.15	358742
12.5893	0.15	360700
12.6307	0.15	362585
12.6723	0.15	364903
12.7141	0.15	367816
12.756	0.15	370974
12.798	0.15	373776
12.8402	0.15	375788
12.8825	0.15	376916
12.9249	0.15	377366
12.9675	0.15	377561
13.0103	0.15	378048
13.0531	0.15	379330
13.0961	0.15	381645
13.1393	0.15	384856
13.1826	0.15	388579
13.226	0.15	392423
13.2696	0.15	396157
13.3133	0.15	399707
13.3572	0.15	403082
13.4012	0.15	406311
13.4453	0.15	409428
13.4896	0.15	412506
13.5341	0.15	415697
13.5787	0.15	419240
13.6234	0.15	423410
13.6683	0.15	428385
13.7133	0.15	434130
13.7585	0.15	440353
13.8038	0.15	446581
13.8493	0.15	452271
13.895	0.15	456887
13.9407	0.15	459979
13.9867	0.15	461391
14.0328	0.15	461668
14.079	0.15	462196
14.1254	0.15	464337
14.1719	0.15	468102
14.2186	0.15	472350
14.2655	0.15	476189
14.3125	0.15	479556
14.3596	0.15	482774
14.4069	0.15	486076
14.4544	0.15	489460
14.502	0.15	492735
14.5498	0.15	495604
14.5977	0.15	497750
14.6458	0.15	498941
14.6941	0.15	499247
14.7425	0.15	499321
14.7911	0.15	500402
14.8398	0.15	503586
14.8887	0.15	508861
14.9378	0.15	515161
14.987	0.15	521447
15.0364	0.15	527410
15.0859	0.15	533313
15.1356	0.15	539559
15.1855	0.15	546417
15.2355	0.15	553934
15.2857	0.15	561922
15.3361	0.15	569920
15.3866	0.15	577137
15.4373	0.15	582474
15.4882	0.15	584981
15.5392	0.15	585138
15.5904	0.15	585659
15.6418	0.15	588765
15.6933	0.15	592872
15.745	0.15	595205
15.7969	0.15	595334
15.8489	0.15	594708
15.9012	0.15	595196
15.9535	0.15	598255
16.0061	0.15	604289
16.0588	0.15	612519
16.1118	0.15	621685
16.1648	0.15	630908
16.2181	0.15	639949
16.2715	0.15	648915
16.3251	0.15	657887
16.3789	0.15	666672
16.4329	0.15	674679
16.487	0.15	680926
16.5414	0.15	684377
16.5959	0.15	684956
16.6505	0.15	684790
16.7054	0.15	687234
16.7605	0.15	693091
16.8157	0.15	699883
16.8711	0.15	705426
16.9267	0.15	709289
16.9824	0.15	711286
17.0384	0.15	710283
17.0945	0.15	705365
17.1509	0.15	699739
17.2074	0.15	700123
17.2641	0.15	706376
17.3209	0.15	712782
17.378	0.15	717995
17.4353	0.15	723719
17.4927	0.15	730959
17.5503	0.15	739566
17.6082	0.15	748876
17.6662	0.15	758138
17.7244	0.15	766708
17.7828	0.15	774193
17.8414	0.15	780624
17.9002	0.15	786621
17.9591	0.15	793298
18.0183	0.15	801656
18.0777	0.15	811742
18.1372	0.15	822286
18.197	0.15	831158
18.257	0.15	836429
18.3171	0.15	837464
18.3775	0.15	835847
18.438	0.15	834491
18.4988	0.15	833852
18.5597	0.15	829809
18.6209	0.15	818616
18.6822	0.15	802835
18.7438	0.15	785988
18.8055	0.15	765251
18.8675	0.15	744794
18.9297	0.15	733793
18.992	0.15	726784
19.0546	0.15	719652
19.1174	0.15	715585
19.1804	0.15	716709
19.2436	0.15	722724
19.307	0.15	732482
19.3706	0.15	744793
19.4344	0.15	758791
19.4984	0.15	773924
19.5627	0.15	789883
19.6271	0.15	806335
19.6918	0.15	823223
19.7567	0.15	840386
19.8218	0.15	857507
19.8871	0.15	874822
19.9526	0.15	892258
20.0184	0.15	909528
20.0843	0.15	926758
20.1505	0.15	943665
20.2169	0.15	960183
20.2835	0.15	975900
20.3503	0.15	991100
20.4174	0.15	1.00544e+06
20.4847	0.15	1.01867e+06
20.5521	0.15	1.03093e+06
20.6199	0.15	1.04142e+06
20.6878	0.15	1.05063e+06
20.756	0.15	1.05805e+06
20.8243	0.15	1.06386e+06
20.893	0.15	1.06736e+06
20.9618	0.15	1.06877e+06
21.0309	0.15	1.06827e+06
21.1002	0.15	1.06564e+06
21.1697	0.15	1.06088e+06
21.2394	0.15	1.05407e+06
21.3094	0.15	1.04541e+06
21.3796	0.15	1.03504e+06
21.4501	0.15	1.02357e+06
21.5207	0.15	1.01212e+06
21.5916	0.15	1.00308e+06
21.6628	0.15	1.00375e+06
21.7342	0.15	1.02023e+06
21.8058	0.15	1.03849e+06
21.8776	0.15	1.10151e+06
21.9497	0.15	1.12981e+06
22.022	0.15	1.1396e+06
22.0946	0.15	1.18295e+06
22.1674	0.15	1.19589e+06
22.2404	0.15	1.18639e+06
22.3137	0.15	1.19283e+06
22.3872	0.15	1.21246e+06
22.461	0.15	1.208e+06
22.535	0.15	1.19609e+06
22.6092	0.15	1.18702e+06
22.6837	0.15	1.21012e+06
22.7585	0.15	1.25756e+06
22.8334	0.15	1.32745e+06
22.9087	0.15	1.32359e+06
22.9842	0.15	1.30371e+06
23.0599	0.15	1.30182e+06
23.1359	0.15	1.30451e+06
23.2121	0.15	1.34288e+06
23.2886	0.15	1.34241e+06
23.3653	0.15	1.31712e+06
23.4423	0.15	1.3043e+06
23.5195	0.15	1.31035e+06
23.597	0.15	1.34131e+06
23.6748	0.15	1.38149e+06
23.7528	0.15	1.45546e+06
23.831	0.15	1.50604e+06
23.9096	0.15	1.47799e+06
23.9883	0.15	1.43204e+06
24.0674	0.15	1.38746e+06
24.1467	0.15	1.35381e+06
24.2262	0.15	1.34199e+06
24.306	0.15	1.33993e+06
24.3861	0.15	1.38015e+06
24.4665	0.15	1.39565e+06
24.5471	0.15	1.39233e+06
24.628	0.15	1.40738e+06
24.7091	0.15	1.44187e+06
24.7905	0.15	1.53009e+06
24.8722	0.15	1.53715e+06
24.9542	0.15	1.5079e+06
25.0364	0.15	1.47793e+06
25.1189	0.15	1.45949e+06
25.2016	0.15	1.45068e+06
25.2847	0.15	1.44497e+06
25.368	0.15	1.47406e+06
25.4516	0.15	1.48893e+06
25.5354	0.15	1.49719e+06
25.6195	0.15	1.52137e+06
25.704	0.15	1.59237e+06
25.7886	0.15	1.62005e+06
25.8736	0.15	1.66662e+06
25.9589	0.15	1.64578e+06
26.0444	0.15	1.60879e+06
26.1302	0.15	1.57333e+06
26.2163	0.15	1.54096e+06
26.3027	0.15	1.51163e+06
26.3893	0.15	1.48631e+06
26.4763	0.15	1.46591e+06
26.5635	0.15	1.45161e+06
26.651	0.15	1.44606e+06
26.7389	0.15	1.46025e+06
26.827	0.15	1.52815e+06
26.9153	0.15	1.6564e+06
27.004	0.15	1.83747e+06
27.093	0.15	2.04501e+06
27.1823	0.15	2.13003e+06
27.2718	0.15	2.11843e+06
27.3617	0.15	2.07225e+06
27.4518	0.15	2.01677e+06
27.5423	0.15	1.96026e+06
27.633	0.15	1.90527e+06
27.7241	0.15	1.85258e+06
27.8154	0.15	1.80268e+06
27.9071	0.15	1.75665e+06
27.999	0.15	1.7205e+06
28.0913	0.15	1.71089e+06
28.1838	0.15	1.71947e+06
28.2767	0.15	1.77529e+06
28.3699	0.15	1.78291e+06
28.4633	0.15	1.77849e+06
28.5571	0.15	1.79419e+06
28.6512	0.15	1.8223e+06
28.7456	0.15	1.80391e+06
28.8403	0.15	1.78644e+06
28.9353	0.15	1.78797e+06
29.0307	0.15	1.84247e+06
29.1263	0.15	1.95521e+06
29.2223	0.15	1.9822e+06
29.3186	0.15	1.94383e+06
29.4152	0.15	1.92362e+06
29.5121	0.15	1.93369e+06
29.6093	0.15	1.9915e+06
29.7069	0.15	2.00698e+06
29.8048	0.15	1.99428e+06
29.903	0.15	1.99368e+06
30.0015	0.15	1.98734e+06
30.1003	0.15	1.9915e+06
30.1995	0.15	2.03204e+06
30.299	0.15	2.14149e+06
30.3988	0.15	2.2135e+06
30.499	0.15	2.16387e+06
30.5995	0.15	2.09893e+06
30.7003	0.15	2.04039e+06
30.8015	0.15	1.99836e+06
30.903	0.15	1.99452e+06
31.0048	0.15	2.02982e+06
31.1069	0.15	2.12201e+06
31.2094	0.15	2.14829e+06
31.3123	0.15	2.18175e+06
31.4154	0.15	2.21048e+06
31.5189	0.15	2.25167e+06
31.6228	0.15	2.32786e+06
31.727	0.15	2.35695e+06
31.8315	0.15	2.32205e+06
31.9364	0.15	2.29717e+06
32.0416	0.15	2.28413e+06
32.1472	0.15	2.31116e+06
32.2531	0.15	2.29708e+06
32.3594	0.15	2.24934e+06
32.466	0.15	2.22106e+06
32.573	0.15	2.22554e+06
32.6803	0.15	2.29176e+06
32.788	0.15	2.31555e+06
32.896	0.15	2.33717e+06
33.0044	0.15	2.40754e+06
33.1131	0.15	2.47464e+06
33.2222	0.15	2.46302e+06
33.3317	0.15	2.42317e+06
33.4415	0.15	2.37597e+06
33.5517	0.15	2.3402e+06
33.6622	0.15	2.31569e+06
33.7731	0.15	2.31786e+06
33.8844	0.15	2.35265e+06
33.9961	0.15	2.3714e+06
34.1081	0.15	2.39126e+06
34.2204	0.15	2.47664e+06
34.3332	0.15	2.56682e+06
34.4463	0.15	2.69357e+06
34.5598	0.15	2.77344e+06
34.6737	0.15	2.72088e+06
34.7879	0.15	2.63877e+06
34.9025	0.15	2.55662e+06
35.0175	0.15	2.47911e+06
35.1329	0.15	2.40559e+06
35.2487	0.15	2.33629e+06
35.3648	0.15	2.27275e+06
35.4813	0.15	2.21107e+06
35.5982	0.15	2.15219e+06
35.7155	0.15	2.10016e+06
35.8332	0.15	2.05979e+06
35.9513	0.15	2.06275e+06
36.0697	0.15	2.14542e+06
36.1886	0.15	2.31947e+06
36.3078	0.15	2.47306e+06
36.4274	0.15	2.58307e+06
36.5475	0.15	2.68148e+06
36.6679	0.15	2.74505e+06
36.7887	0.15	2.80573e+06
36.9099	0.15	2.82889e+06
37.0315	0.15	2.84904e+06
37.1535	0.15	2.86637e+06
37.2759	0.15	2.88024e+06
37.3988	0.15	2.93974e+06
37.522	0.15	3.07663e+06
37.6456	0.15	3.11451e+06
37.7696	0.15	3.15163e+06
37.8941	0.15	3.24103e+06
38.0189	0.15	3.23564e+06
38.1442	0.15	3.20697e+06
38.2699	0.15	3.21135e+06
38.396	0.15	3.26938e+06
38.5225	0.15	3.24918e+06
38.6494	0.15	3.19746e+06
38.7768	0.15	3.17173e+06
38.9045	0.15	3.20499e+06
39.0327	0.15	3.35274e+06
39.1613	0.15	3.50855e+06
39.2903	0.15	3.47186e+06
39.4198	0.15	3.40812e+06
39.5497	0.15	3.38077e+06
39.68	0.15	3.42157e+06
39.8107	0.15	3.52144e+06
39.9419	0.15	3.52636e+06
40.0735	0.15	3.53759e+06
40.2055	0.15	3.52578e+06
40.338	0.15	3.48828e+06
40.4709	0.15	3.47726e+06
40.6042	0.15	3.54633e+06
40.738	0.15	3.67214e+06
40.8723	0.15	3.76205e+06
41.0069	0.15	3.69466e+06
41.142	0.15	3.60528e+06
41.2776	0.15	3.53024e+06
41.4136	0.15	3.47849e+06
41.55	0.15	3.48089e+06
41.6869	0.15	3.57869e+06
41.8243	0.15	3.79969e+06
41.9621	0.15	3.94189e+06
42.1004	0.15	3.93858e+06
42.2391	0.15	3.86816e+06
42.3782	0.15	3.79582e+06
42.5179	0.15	3.77858e+06
42.658	0.15	3.85943e+06
42.7985	0.15	3.86164e+06
42.9395	0.15	3.82374e+06
43.081	0.15	3.83582e+06
43.2229	0.15	3.87276e+06
43.3654	0.15	3.81789e+06
43.5082	0.15	3.74948e+06
43.6516	0.15	3.71037e+06
43.7954	0.15	3.73262e+06
43.9397	0.15	3.86498e+06
44.0845	0.15	4.00727e+06
44.2297	0.15	3.97498e+06
44.3755	0.15	3.91316e+06
44.5217	0.15	3.914e+06
44.6684	0.15	4.01966e+06
44.8155	0.15	4.02135e+06
44.9632	0.15	3.99663e+06
45.1113	0.15	4.02298e+06
45.26	0.15	4.04942e+06
45.4091	0.15	4.01162e+06
45.5587	0.15	3.97247e+06
45.7088	0.15	3.98109e+06
45.8594	0.15	4.06202e+06
46.0105	0.15	4.161e+06
46.1621	0.15	4.18463e+06
46.3142	0.15	4.23737e+06
46.4668	0.15	4.36508e+06
46.6199	0.15	4.41381e+06
46.7735	0.15	4.52815e+06
46.9276	0.15	4.63702e+06
47.0822	0.15	4.76379e+06
47.2374	0.15	4.7177e+06
47.393	0.15	4.63144e+06
47.5492	0.15	4.56444e+06
47.7058	0.15	4.52907e+06
47.863	0.15	4.51168e+06
48.0207	0.15	4.48929e+06
48.1789	0.15	4.46879e+06
48.3377	0.15	4.47791e+06
48.4969	0.15	4.55388e+06
48.6567	0.15	4.67115e+06
48.817	0.15	4.92413e+06
48.9779	0.15	5.40963e+06
49.1393	0.15	6.02934e+06
49.3012	0.15	6.05222e+06
49.4636	0.15	5.89386e+06
49.6266	0.15	5.72535e+06
49.7901	0.15	5.56168e+06
49.9541	0.15	5.41129e+06
50.1187	0.15	5.16985e+06
50.2839	0.15	5.06037e+06
50.4495	0.15	5.00267e+06
50.6158	0.15	4.77457e+06
50.7825	0.15	4.76417e+06
50.9498	0.15	4.66234e+06
51.1177	0.15	4.62647e+06
51.2861	0.15	4.75773e+06
51.4551	0.15	4.88811e+06
51.6247	0.15	5.03106e+06
51.7947	0.15	5.07892e+06
51.9654	0.15	5.17493e+06
52.1366	0.15	5.20131e+06
52.3084	0.15	5.21496e+06
52.4807	0.15	5.26796e+06
52.6537	0.15	5.23689e+06
52.8271	0.15	5.20933e+06
53.0012	0.15	5.24138e+06
53.1758	0.15	5.2322e+06
53.351	0.15	5.1866e+06
53.5268	0.15	5.23051e+06
53.7032	0.15	5.46588e+06
53.8801	0.15	5.54611e+06
54.0576	0.15	5.5427e+06
54.2358	0.15	5.61432e+06
54.4145	0.15	5.71336e+06
54.5937	0.15	5.63297e+06
54.7736	0.15	5.57933e+06
54.9541	0.15	5.6041e+06
55.1352	0.15	5.76973e+06
55.3168	0.15	5.84305e+06
55.4991	0.15	5.79423e+06
55.6819	0.15	5.72706e+06
55.8654	0.15	5.65563e+06
56.0495	0.15	5.73354e+06
56.2341	0.15	5.98395e+06
56.4194	0.15	6.16977e+06
56.6053	0.15	6.03806e+06
56.7918	0.15	5.91983e+06
56.9789	0.15	5.84876e+06
57.1667	0.15	5.88817e+06
57.355	0.15	6.05914e+06
57.544	0.15	6.11504e+06
57.7336	0.15	6.38609e+06
57.9238	0.15	6.66897e+06
58.1147	0.15	6.47351e+06
58.3061	0.15	6.61683e+06
58.4982	0.15	6.67534e+06
58.691	0.15	6.72246e+06
58.8844	0.15	6.90125e+06
59.0784	0.15	7.05765e+06
59.273	0.15	6.94204e+06
59.4683	0.15	6.85597e+06
59.6643	0.15	6.67346e+06
59.8608	0.15	6.59257e+06
60.0581	0.15	6.6072e+06
60.256	0.15	6.68334e+06
60.4545	0.15	7.52946e+06
60.6537	0.15	7.86146e+06
60.8535	0.15	7.73646e+06
61.054	0.15	7.60915e+06
61.2552	0.15	7.32618e+06
61.457	0.15	7.20566e+06
61.6595	0.15	7.09539e+06
61.8627	0.15	7.11153e+06
62.0665	0.15	7.2343e+06
62.271	0.15	7.19896e+06
62.4762	0.15	7.26452e+06
62.682	0.15	7.28943e+06
62.8885	0.15	7.25694e+06
63.0957	0.15	7.65003e+06
63.3036	0.15	7.69437e+06
63.5122	0.15	7.71118e+06
63.7215	0.15	7.61608e+06
63.9314	0.15	7.68271e+06
64.1421	0.15	7.76624e+06
64.3534	0.15	7.69755e+06
64.5654	0.15	7.64331e+06
64.7782	0.15	7.57779e+06
64.9916	0.15	7.70109e+06
65.2057	0.15	8.0633e+06
65.4206	0.15	8.26703e+06
65.6361	0.15	8.22053e+06
65.8524	0.15	8.12504e+06
66.0693	0.15	8.25057e+06
66.287	0.15	8.25203e+06
66.5054	0.15	8.19123e+06
66.7246	0.15	8.21963e+06
66.9444	0.15	8.27388e+06
67.165	0.15	8.1629e+06
67.3863	0.15	8.06451e+06
67.6083	0.15	8.04983e+06
67.8311	0.15	8.28752e+06
68.0545	0.15	8.18062e+06
68.2788	0.15	8.46884e+06
68.5037	0.15	8.48739e+06
68.7294	0.15	8.66991e+06
68.9559	0.15	8.7211e+06
69.1831	0.15	8.696e+06
69.411	0.15	9.31023e+06
69.6397	0.15	9.12918e+06
69.8692	0.15	9.52319e+06
70.0994	0.15	9.48111e+06
70.3304	0.15	9.16551e+06
70.5621	0.15	9.20179e+06
70.7946	0.15	9.21619e+06
71.0278	0.15	9.25512e+06
71.2619	0.15	9.20712e+06
71.4967	0.15	9.26504e+06
71.7322	0.15	9.39725e+06
71.9686	0.15	9.48914e+06
72.2057	0.15	9.72939e+06
72.4436	0.15	1.0009e+07
72.6823	0.15	1.03599e+07
72.9218	0.15	1.08566e+07
73.162	0.15	1.08271e+07
73.4031	0.15	1.05802e+07
73.6449	0.15	1.03521e+07
73.8876	0.15	1.01218e+07
74.131	0.15	9.91778e+06
74.3753	0.15	9.71934e+06
74.6203	0.15	9.53911e+06
74.8662	0.15	9.38239e+06
75.1129	0.15	9.31999e+06
75.3603	0.15	9.06821e+06
75.6086	0.15	8.94693e+06
75.8578	0.15	8.86261e+06
76.1077	0.15	8.98935e+06
76.3585	0.15	9.80351e+06
76.61	0.15	1.09355e+07
76.8625	0.15	1.19912e+07
77.1157	0.15	1.30412e+07
77.3698	0.15	1.34801e+07
77.6247	0.15	1.37937e+07
77.8805	0.15	1.38226e+07
78.1371	0.15	1.36943e+07
78.3945	0.15	1.34785e+07
78.6528	0.15	1.32463e+07
78.912	0.15	1.30045e+07
79.172	0.15	1.27481e+07
79.4328	0.15	1.25414e+07
79.6945	0.15	1.24229e+07
79.9571	0.15	1.2663e+07
80.2206	0.15	1.27043e+07
80.4849	0.15	1.28728e+07
80.7501	0.15	1.28786e+07
81.0161	0.15	1.2899e+07
81.2831	0.15	1.30446e+07
81.5509	0.15	1.29209e+07
81.8196	0.15	1.29144e+07
82.0891	0.15	1.30288e+07
82.3596	0.15	1.28894e+07
82.631	0.15	1.27813e+07
82.9032	0.15	1.31399e+07
83.1764	0.15	1.35837e+07
83.4504	0.15	1.34393e+07
83.7254	0.15	1.34828e+07
84.0012	0.15	1.37646e+07
84.278	0.15	1.38023e+07
84.5557	0.15	1.38561e+07
84.8343	0.15	1.40376e+07
85.1138	0.15	1.41412e+07
85.3942	0.15	1.38116e+07
85.6756	0.15	1.3641e+07
85.9579	0.15	1.37824e+07
86.2411	0.15	1.41908e+07
86.5252	0.15	1.43323e+07
86.8103	0.15	1.46826e+07
87.0964	0.15	1.45547e+07
87.3833	0.15	1.44159e+07
87.6712	0.15	1.45334e+07
87.9601	0.15	1.48578e+07
88.2499	0.15	1.50484e+07
88.5407	0.15	1.49206e+07
88.8324	0.15	1.46923e+07
89.1251	0.15	1.45912e+07
89.4187	0.15	1.48351e+07
89.7134	0.15	1.55215e+07
90.009	0.15	1.57395e+07
90.3055	0.15	1.55049e+07
90.6031	0.15	1.53671e+07
90.9016	0.15	1.56569e+07
91.2011	0.15	1.5539e+07
91.5016	0.15	1.54506e+07
91.8031	0.15	1.57073e+07
92.1055	0.15	1.6435e+07
92.409	0.15	1.55926e+07
92.7135	0.15	1.62109e+07
93.0189	0.15	1.62289e+07
93.3254	0.15	1.60008e+07
93.6329	0.15	1.57875e+07
93.9414	0.15	1.58356e+07
94.2509	0.15	1.61172e+07
94.5615	0.15	1.62133e+07
94.873	0.15	1.67763e+07
95.1856	0.15	1.73073e+07
95.4993	0.15	1.74004e+07
95.8139	0.15	1.71258e+07
96.1296	0.15	1.68486e+07
96.4463	0.15	1.66418e+07
96.7641	0.15	1.66077e+07
97.0829	0.15	1.69855e+07
97.4028	0.15	1.82131e+07
97.7237	0.15	1.96654e+07
98.0457	0.15	1.96154e+07
98.3687	0.15	1.93611e+07
98.6929	0.15	1.87737e+07
99.018	0.15	1.83978e+07
99.3443	0.15	1.80695e+07
99.6716	0.15	1.79109e+07
100	0.15	1.8117e+07
